0
1.096491228
2.192982456
3.289473684
4.385964912
5.48245614
6.578947368
7.675438596
8.771929825
9.868421053
10.96491228
12.06140351
13.15789474
14.25438596
15.35087719
14.69298246
12.71929825
11.40350877
10.30701754
9.210526316
7.894736842
6.578947368
5.48245614
4.385964912
3.289473684
2.192982456
0.877192982
0
-1.096491228
-2.192982456
-3.289473684
-4.385964912
-5.48245614
-6.578947368
-7.675438596
-8.771929825
-9.868421053
-10.96491228
-12.06140351
-13.15789474
-14.25438596
-15.35087719
-14.9122807
-12.71929825
-11.18421053
-9.429824561
-8.114035088
-7.236842105
-6.359649123
-5.263157895
-4.166666667
-2.850877193
-1.973684211
-1.096491228
0
1.096491228
2.192982456
3.289473684
4.385964912
5.48245614
6.578947368
7.675438596
8.771929825
9.868421053
10.96491228
12.06140351
13.15789474
14.25438596
15.35087719
16.44736842
17.54385965
18.64035088
19.73684211
19.07894737
14.25438596
13.15789474
10.96491228
9.649122807
8.771929825
7.456140351
6.359649123
5.263157895
4.166666667
3.289473684
2.192982456
1.096491228
0
-1.096491228
-2.192982456
-3.289473684
-4.385964912
-5.48245614
-6.578947368
-7.675438596
-8.771929825
-9.868421053
-10.96491228
-12.06140351
-13.15789474
-14.25438596
-15.35087719
-16.44736842
-17.54385965
-18.64035088
-19.73684211
-19.07894737
-17.76315789
-16.00877193
-14.69298246
-13.37719298
-12.06140351
-10.96491228
-9.868421053
-8.771929825
-7.236842105
-6.359649123
-5.263157895
-4.385964912
-3.070175439
-2.192982456
-0.877192982
0
1.096491228
2.192982456
3.289473684
4.385964912
5.48245614
6.578947368
7.675438596
8.771929825
9.868421053
10.96491228
12.06140351
13.15789474
14.25438596
15.35087719
16.44736842
17.54385965
19.73684211
20.83333333
21.92982456
23.02631579
21.71052632
20.1754386
18.42105263
17.3245614
14.03508772
12.71929825
11.40350877
9.868421053
8.771929825
7.675438596
6.359649123
5.043859649
3.947368421
3.070175439
2.192982456
1.096491228
0
-1.096491228
-2.192982456
-3.289473684
-4.385964912
-5.48245614
-6.578947368
-7.675438596
-8.771929825
-9.868421053
-10.96491228
-12.06140351
-13.15789474
-14.25438596
-15.35087719
-16.44736842
-17.54385965
-18.64035088
-19.73684211
-20.83333333
-21.92982456
-23.02631579
-22.36842105
-21.05263158
-19.07894737
-17.76315789
-16.22807018
-15.13157895
-13.59649123
-12.06140351
-10.52631579
-9.210526316
-7.675438596
-6.578947368
-5.48245614
-4.166666667
-3.070175439
-2.192982456
-1.096491228
0
1.096491228
2.192982456
3.289473684
4.385964912
5.48245614
6.578947368
7.675438596
8.771929825
9.868421053
10.96491228
12.06140351
13.15789474
14.25438596
15.35087719
16.44736842
17.54385965
18.64035088
19.73684211
20.83333333
21.92982456
23.02631579
24.12280702
25.21929825
24.12280702
21.71052632
20.61403509
19.29824561
18.20175439
16.66666667
15.13157895
13.81578947
12.71929825
11.40350877
10.30701754
8.771929825
7.894736842
5.921052632
4.605263158
3.289473684
2.192982456
1.096491228
0
-1.096491228
-2.192982456
-3.289473684
-4.385964912
-5.48245614
-6.578947368
-7.675438596
-8.771929825
-9.868421053
-10.96491228
-12.06140351
-13.15789474
-14.25438596
-15.35087719
-16.44736842
-17.54385965
-18.64035088
-19.73684211
-20.83333333
-21.92982456
-23.02631579
-24.12280702
-25.21929825
-24.34210526
-23.24561404
-21.92982456
-20.61403509
-19.51754386
-17.54385965
-16.44736842
-15.35087719
-14.03508772
-12.93859649
-11.84210526
-10.96491228
-9.868421053
-8.771929825
-7.675438596
-6.578947368
-5.48245614
-4.605263158
-3.289473684
-2.192982456
-1.096491228
0
1.096491228
2.192982456
3.289473684
4.385964912
5.48245614
6.578947368
7.675438596
8.771929825
9.868421053
10.96491228
12.06140351
13.15789474
14.25438596
15.35087719
16.44736842
17.54385965
18.64035088
19.73684211
20.83333333
21.92982456
23.02631579
24.12280702
25.21929825
26.31578947
27.4122807
28.50877193
26.97368421
25.21929825
23.68421053
22.5877193
21.05263158
19.51754386
18.20175439
16.66666667
15.35087719
13.81578947
12.71929825
11.84210526
10.96491228
10.0877193
8.99122807
7.894736842
6.578947368
5.263157895
3.947368421
2.631578947
1.315789474
0
-1.096491228
-2.192982456
-3.289473684
-4.385964912
-5.48245614
-6.578947368
-7.675438596
-8.771929825
-9.868421053
-10.96491228
-12.06140351
-13.15789474
-14.25438596
-15.35087719
-16.44736842
-17.54385965
-18.64035088
-19.73684211
-20.83333333
-21.92982456
-23.02631579
-24.12280702
-25.21929825
-26.31578947
-27.4122807
-28.50877193
-25.87719298
-24.34210526
-23.24561404
-21.71052632
-20.61403509
-18.64035088
-17.10526316
-15.78947368
-14.9122807
-13.15789474
-12.28070175
-11.18421053
-9.868421053
-8.771929825
-7.675438596
-6.578947368
-5.48245614
-4.385964912
-3.289473684
-2.192982456
-1.096491228