0 0
0.040955  50.234
0.12287 70.326
0.16382 84.392
0.24573 104.48
0.32763 124.58
0.49146 144.67
0.53241 160.75
0.61432 182.85
0.69624 204.95
0.86007 229.06
0.94198 253.17
1.1468  279.29
1.3106  309.43
1.3925  331.53
1.5973  353.64
1.5973  365.69
1.7611  381.77
1.8839  397.84
2.0068  413.92
2.0478  429.99
2.1297  444.06
2.2116  456.12
2.2935  464.13
2.3754  472.18
2.4983  480.23
2.4983  468.18
2.4164  456.12
2.3754  446.07
2.2935  427.98
2.2935  411.91
2.2116  395.83
2.2116  379.76
2.1297  359.67
2.0068  343.59
2.0068  327.52
1.9249  305.41
1.9659  287.33
1.843 269.25
1.7201  245.13
1.5973  219.01
1.5563  196.91
1.4334  172.8
1.3925  156.72
1.2696  136.63
1.1058  110.51
0.98293 88.408
0.90101 64.299
0.77815 44.205
0.69624 24.112
0.61432 2.0093
0.61432 -24.112
0.49146 -42.195
0.3686  -60.278
0.28669 -80.37
0.12287 -110.51
0.040955  -130.6
-0.040955 -150.7
-0.20478  -176.82
-0.32763  -198.92
-0.49146  -225.04
-0.57338  -245.13
-0.73721  -271.26
-0.94198  -295.37
-1.0648 -323.5
-1.2287 -343.59
-1.3925 -369.71
-1.5153 -389.81
-1.7611 -413.92
-1.9249 -434.01
-2.0887 -446.07
-2.2935 -460.12
-2.2116 -442.05
-2.0887 -423.96
-2.0068 -405.88
-2.0068 -381.77
-2.0068 -363.68
-1.9249 -347.61
-1.7611 -321.49
-1.6792 -303.4
-1.6382 -279.29
-1.5973 -259.2
-1.4744 -245.13
-1.4334 -229.06
-1.3106 -208.97
-1.2287 -186.87
-1.1468 -166.77
-1.1058 -152.71
-0.98293  -132.61
-0.90101  -122.57
-0.86007  -108.5
-0.8191 -94.436
-0.65529  -68.316
-0.57338  -52.24
-0.49146  -36.168
-0.32763  -14.065
-0.20478  2.0093
-0.040955 34.158
0.08191 60.278
0.24573 92.43
0.32763 120.56
0.45052 142.66
0.57338 162.75
0.65529 188.88
0.86007 217.01
1.0239  239.11
1.1468  267.24
1.3106  285.32
1.4744  307.42
1.6792  331.53
1.843 353.64
1.9659  379.76
2.1297  399.85
2.2116  417.93
2.3754  442.05
2.4983  462.13
2.621 484.23
2.744 508.34
2.9487  526.45
3.1125  546.51
3.2763  564.61
3.4402  580.67
3.686 598.78
3.9317  618.88
4.1775  642.99
4.5052  661.05
4.7917  677.15
4.9146  687.16
5.2832  699.22
5.5291  709.27
5.9385  723.37
6.3071  729.38
6.7577  731.38
7.0853  735.42
7.413 737.43
7.5768  735.42
7.6177  727.37
7.4539  715.32
7.413 697.21
7.2492  683.16
7.1671  667.1
7.0853  649
7.0444  630.94
6.7577  606.83
6.7168  584.72
6.5529  562.61
6.43  542.51
6.3891  524.45
6.2253  502.34
6.0615  478.23
5.9385  462.13
5.8156  446.07
5.6109  427.98
5.447 411.91
5.3241  389.81
5.1194  365.69
4.9555  345.6
4.7099  325.51
4.464 299.39
4.1364  267.24
3.9317  243.13
3.686 217.01
3.5222  190.88
3.1946  160.75
2.9487  132.61
2.621 94.436
2.4573  78.364
2.2935  52.24
2.1297  36.168
1.9659  16.075
1.7611  0
1.5563  -28.13
1.3925  -44.205
1.3106  -66.305
1.0239  -94.436
0.90101 -118.55
0.65529 -136.63
0.49146 -158.73
0.32763 -182.85
0.24573 -198.92
0.12287 -217.01
-0.040955 -243.13
-0.28669  -269.25
-0.45052  -291.35
-0.61432  -315.46
-0.86007  -343.59
-0.98293  -363.68
-1.1877 -383.77
-1.3515 -405.88
-1.4744 -423.96
-1.6792 -438.03
-1.9249 -466.17
-2.1297 -484.23
-2.3345 -504.34
-2.6622 -526.45
-2.826  -544.51
-3.0716 -564.61
-3.3993 -580.67
-3.686  -600.78
-3.9317 -618.88
-4.2184 -630.94
-4.587  -644.99
-4.8738 -657.05
-5.1603 -669.1
-5.57 -681.16
-5.8976 -689.21
-6.2662 -703.26
-6.5118 -709.27
-6.8395 -717.32
-7.0033 -717.32
-7.2492 -725.37
-7.5357 -729.38
-7.4539 -715.32
-7.3309 -701.26
-7.2492 -687.16
-7.2492 -671.1
-7.1671 -651
-7.0853 -632.94
-6.9624 -616.83
-6.9215 -604.78
-6.7986 -584.72
-6.7168 -570.66
-6.5938 -554.56
-6.5118 -536.5
-6.43 -524.45
-6.3891 -510.34
-6.1432 -486.24
-6.0615 -468.18
-5.8976 -450.07
-5.8156 -432
-5.6929 -409.9
-5.4879 -391.81
-5.2832 -373.73
-5.0785 -355.64
-4.8738 -325.51
-4.6279 -309.43
-4.4232 -285.32
-4.1775 -261.21
-3.9726 -237.1
-3.7678 -217.01
-3.604  -200.93
-3.4402 -182.85
-3.2355 -158.73
-3.0307 -142.66
-2.7849 -118.55
-2.5392 -100.46
-2.2525 -74.343
-2.0068 -54.251
-1.843  -36.168
-1.5153 -10.046
-1.2696 12.056
-0.98293  30.139
-0.73721  52.24
-0.49146  70.326
-0.3686 92.43
-0.16382  112.52
0.12287 140.65
0.3686  166.77
0.61432 190.88
0.77815 221.02
1.0239  249.15
1.2287  277.28
1.4744  307.42
1.7201  331.53
1.9249  363.68
2.0478  387.8
2.2116  419.94
2.4164  448.07
2.621 478.23
2.8669  506.34
3.0716  536.5
3.3175  562.61
3.686 596.77
3.9317  618.88
4.3002  649
4.6279  667.1
4.9964  683.16
5.3241  701.26
5.7747  713.32
6.5529  729.38
7.0444  735.42
7.2901  733.38
7.5768  735.42
7.6995  733.38
7.5357  717.32
7.4539  701.26
7.3309  685.16
7.2492  671.1
7.1262  657.05
7.0033  638.94
7.0033  620.88
6.8806  604.78
6.7168  574.67
6.5938  554.56
6.3891  528.45
6.2253  506.34
6.1024  486.24
5.9385  460.12
5.6929  434.01
5.4879  413.92
5.2832  385.79
5.0785  361.68
4.7917  337.56
4.5461  313.45
4.3823  291.35
4.1364  267.24
3.9317  247.14
3.6452  223.03
3.3993  200.93
3.1537  178.83
2.8669  154.72
2.621 128.59
2.4164  108.5
2.1297  78.364
1.843 58.272
1.6792  38.177
1.4744  18.084
1.2696  -6.0278
0.94198 -26.121
0.69624 -52.24
0.53241 -76.354
0.24573 -98.457
0.040955  -126.59
-0.20478  -152.71
-0.53241  -184.85
-0.8191 -219.01
-1.0648 -241.12
-1.2696 -267.24
-1.5563 -291.35
-1.7611 -303.4
-1.9659 -329.52
-2.2525 -353.64
-2.7031 -383.77
-3.0307 -409.9
-3.3993 -438.03
-3.7269 -468.18
-4.0137 -490.28
-4.3823 -520.4
-4.8329 -552.56
-5.2014 -574.67
-5.6109 -600.78
-5.8567 -620.88
-6.1844 -642.99
-6.6756 -669.1
-6.9624 -685.16
-7.1671 -695.21
-7.3309 -703.26
-7.4948 -709.27
-7.4948 -699.22
-7.3721 -677.15
-7.2083 -657.05
-7.1262 -620.88
-6.8806 -598.78
-6.8806 -572.66
-6.5938 -546.51
-6.43 -516.39
-6.2253 -488.28
-5.9794 -464.13
-5.8156 -429.99
-5.6518 -407.89
-5.447  -377.75
-5.0785 -347.61
-4.8329 -319.48
-4.587  -297.38
-4.3414 -269.25
-4.0955 -237.1
-3.8087 -215
-3.604  -186.87
-3.3175 -160.75
-3.0716 -132.61
-2.6622 -100.46
-2.2935 -74.343
-1.9659 -48.223
-1.5563 -12.056
-1.2287 14.065
-1.0239 40.186
-0.53241  70.326
-0.24573  100.46
0 130.6
0.40955 164.76
0.65529 190.88
0.94198 223.03
1.2696  259.2
1.5563  291.35
1.9659  321.49
2.2525  347.61
2.6622  379.76
2.8669  401.86
3.1946  425.97
3.604 454.12
3.9726  490.28
4.3823  520.4
4.669 548.55
5.0785  574.67
5.447 600.78
5.8567  620.88
6.3891  653.04
6.8395  677.15
7.3309  701.26
7.6177  719.32
8.191 747.48
8.7236  761.54
9.0922  775.59
9.5837  787.65
10.157  799.7
10.73 807.75
11.222  809.75
11.672  811.76
12.287  811.76
12.696  809.75
13.147  809.75
13.597  809.75
13.966  811.76
14.252  811.76
14.416  809.75
14.375  799.7
14.334  783.64
14.375  771.59
14.293  751.48
14.171  731.38
14.13 709.27
14.007  677.15
13.884  651
13.761  622.88
13.597  596.77
13.392  562.61
13.229  534.45
12.983  510.34
12.737  480.23
12.491  452.07
12.205  423.96
11.877  399.85
11.549  373.73
11.181  347.61
10.771  323.5
10.321  303.4
9.9522  277.28
9.6246  253.17
9.174 227.05
8.5598  192.89
8.1092  168.78
7.5768  144.67
7.2083  120.56
6.6756  96.446
6.1432  64.299
5.6109  40.186
5.2014  14.065
4.669 -8.037
4.2593  -30.139
3.3175  -78.364
2.8669  -100.46
2.4164  -124.58
1.9249  -148.69
1.4744  -170.79
1.0239  -192.89
0.49146 -227.05
0.16382 -247.14
-0.24573  -275.27
-0.90101  -311.44
-1.4744 -339.57
-1.8839 -371.72
-2.4164 -399.85
-2.8669 -427.98
-3.2355 -454.12
-3.5631 -470.18
-4.0546 -506.34
-4.464  -532.45
-4.8738 -558.61
-5.3241 -584.72
-5.8976 -614.83
-6.2253 -632.94
-6.6347 -655.05
-7.2083 -677.15
-7.7815 -695.21
-8.396  -717.32
-9.0922 -737.43
-9.7064 -751.48
-10.444 -759.53
-11.345 -771.59
-11.918 -773.59
-12.737 -781.6
-13.352 -783.64
-14.048 -785.64
-14.662 -785.64
-14.99  -781.6
-14.949 -771.59
-14.949 -751.48
-14.867 -735.42
-14.703 -713.32
-14.621 -691.21
-14.58  -665.1
-14.539 -638.94
-14.457 -614.83
-14.334 -588.72
-14.252 -568.62
-14.089 -540.5
-13.966 -520.4
-13.761 -488.28
-13.556 -464.13
-13.311 -438.03
-13.065 -409.9
-12.696 -381.77
-12.287 -351.63
-11.836 -325.51
-11.468 -299.39
-10.935 -273.26
-10.362 -239.11
-9.9113 -217.01
-9.2969 -184.85
-8.8054 -160.75
-8.4369 -136.63
-8.1501 -120.56
-7.6177 -98.457
-7.0033 -70.326
-6.5938 -48.223
-6.0615 -28.13
-5.6518 -8.037
-5.2832 10.046
-4.7099 36.168
-4.0546 66.305
-3.5222 86.398
-3.1125 110.51
-2.621  128.59
-2.1297 150.7
-1.6382 174.81
-1.3925 188.88
-1.0239 208.97
-0.45052  237.1
0 263.22
0.53241 287.33
0.98293 303.4
1.3925  321.49
2.1706  365.69
2.6622  383.77
3.1946  407.89
3.8499  436.02
4.3823  462.13
5.0785  490.28
6.0206  522.4
6.6756  548.55
7.4539  574.67
8.1092  602.78
8.6825  622.88
9.5016  649
10.239  669.1
10.812  685.16
11.468  707.27
12.205  721.32
12.655  735.42
13.188  739.43
13.884  753.48
14.539  759.53
15.195  775.59
15.522  781.6
15.44 765.54
15.317  747.48
15.276  733.38
15.195  717.32
15.072  693.21
14.908  657.05
14.744  634.94
14.621  612.83
14.416  592.73
14.293  574.67
14.13 550.56
14.007  526.45
13.802  508.34
13.597  484.23
13.392  460.12
13.065  434.01
12.778  405.88
12.451  385.79
12.205  365.69
11.836  349.62
11.508  329.52
11.222  305.41
10.853  285.32
10.485  265.23
9.9522  241.12
9.5016  217.01
9.0922  196.91
8.5598  166.77
8.0683  142.66
7.6177  118.55
7.1262  96.446
6.7577  70.326
6.2253  46.213
5.6929  22.102
5.1603  -2.0093
4.669 -22.102
4.1775  -42.195
3.686 -70.326
3.1946  -92.43
2.5801  -124.58
2.0887  -146.68
1.6382  -164.76
1.3106  -182.85
0.73721 -212.99
0.16382 -237.1
-0.20478  -259.2
-0.73721  -285.32
-1.2696 -309.43
-1.8839 -339.57
-2.5801 -369.71
-3.1946 -385.79
-3.8908 -413.92
-4.5461 -436.02
-5.1194 -452.07
-5.7338 -472.18
-6.348  -494.29
-7.0033 -514.39
-7.6586 -536.5
-8.273  -558.61
-8.8872 -580.67
-9.5837 -602.78
-10.362 -624.89
-11.058 -644.99
-11.713 -663.05
-12.369 -683.16
-13.065 -697.21
-13.72  -709.27
-14.212 -723.37
-14.539 -729.38
-14.867 -731.38
-14.826 -717.32
-14.785 -703.26
-14.703 -683.16
-14.621 -651
-14.416 -622.88
-14.334 -600.78
-14.13  -570.66
-13.925 -542.51
-13.802 -512.39
-13.474 -486.24
-13.147 -456.12
-12.819 -421.95
-12.532 -395.83
-12.082 -363.68
-11.672 -337.56
-11.304 -311.44
-10.894 -275.27
-10.444 -253.17
-9.9113 -227.05
-9.4198 -200.93
-8.9692 -180.84
-8.6825 -162.75
-8.2321 -134.63
-7.8633 -122.57
-7.4539 -98.457
-6.7986 -66.305
-6.4709 -50.234
-5.9794 -22.102
-5.3241 2.0093
-4.9146 18.084
-4.5052 36.168
-4.0955 58.272
-3.5631 86.398
-3.1946 100.46
-2.5392 128.59
-2.1706 144.67
-1.7611 164.76
-1.3106 186.87
-0.8191 210.97
-0.53241  223.03
0 251.16
0.49146 267.24
0.90101 281.3
1.3925  307.42
1.9249  327.52
2.5801  353.64
3.1125  371.72
3.4813  389.81
3.9317  407.89
4.3823  427.98
5.0376  452.07
5.5291  466.17
5.8976  480.23
6.4709  504.34
6.8395  518.4
7.2901  532.45
7.7406  548.55
8.4369  574.67
9.051 590.72
9.4198  604.78
9.9113  620.88
10.485  636.94
11.14 655.05
11.631  673.1
12.369  693.21
12.942  705.27
13.597  719.32
14.293  731.38
15.031  747.48
15.686  759.53
16.464  769.54
17.447  779.6
18.02 787.65
18.799  793.7
19.29 793.7
19.782  801.7
20.273  799.7
20.723  799.7
21.01 797.7
21.174  795.7
21.133  781.6
20.969  765.54
20.805  747.48
20.682  735.42
20.642  717.32
20.396  695.21
20.396  671.1
20.191  646.99
19.986  628.89
19.822  604.78
19.659  580.67
19.331  540.5
19.208  510.34
18.799  478.23
18.512  454.12
18.266  415.93
17.856  391.81
17.406  363.68
17.038  331.53
16.546  299.39
16.014  273.26
15.522  249.15
14.867  223.03
14.375  198.92
13.761  172.8
13.147  148.69
12.614  122.57
12  98.457
11.263  70.326
10.403  44.205
9.8293  28.13
9.051 8.037
8.396 -8.037
7.7406  -30.139
7.0444  -52.24
6.2662  -72.337
5.3241  -92.43
4.7508  -108.5
3.9726  -134.63
2.9898  -156.72
2.1297  -184.85
1.2287  -223.03
0.45052 -249.15
-0.16382  -269.25
-1.1468 -301.39
-1.7611 -325.51
-2.4164 -353.64
-3.3175 -385.79
-4.0546 -413.92
-4.6279 -440.04
-5.3241 -458.12
-6.0206 -486.24
-6.5118 -498.29
-7.0853 -514.39
-7.9045 -546.51
-8.396  -560.61
-9.174  -586.72
-10.034 -612.83
-10.608 -626.89
-11.345 -646.99
-12.287 -675.11
-13.024 -697.21
-13.761 -713.32
-14.621 -723.37
-15.358 -741.43
-16.259 -753.48
-17.078 -761.54
-17.693 -757.49
-18.635 -765.54
-19.331 -767.54
-19.986 -769.54
-20.56  -771.59
-21.092 -769.54
-21.665 -771.59
-21.87  -767.54
-22.075 -765.54
-22.075 -749.48
-22.116 -731.38
-21.952 -707.27
-21.87  -687.16
-21.788 -665.1
-21.665 -646.99
-21.461 -616.83
-21.338 -590.72
-21.133 -560.61
-20.969 -536.5
-20.723 -504.34
-20.396 -474.18
-20.15  -448.07
-19.904 -419.94
-19.659 -395.83
-19.208 -367.7
-18.758 -335.55
-18.225 -299.39
-17.611 -269.25
-17.16  -253.17
-16.71  -227.05
-16.055 -198.92
-15.399 -168.78
-14.621 -144.67
-13.72  -110.51
-13.229 -94.436
-12.655 -70.326
-12.123 -54.251
-11.59  -36.168
-10.935 -16.075
-10.608 -8.037
-10.034 10.046
-9.4607 26.121
-8.6825 48.223
-8.0683 66.305
-7.5357 78.364
-6.8395 100.46
-6.2253 116.54
-5.6518 132.61
-4.9964 146.68
-4.464  164.76
-3.8499 186.87
-3.3175 196.91
-2.9078 215
-2.3345 231.07
-1.7611 247.14
-1.1468 263.22
-0.53241  283.31
0.12287 295.37
0.77815 309.43
1.3515  331.53
1.9659  347.61
2.5392  365.69
3.2355  385.79
3.8908  397.84
4.3823  409.9
5.0785  425.97
5.6518  440.04
6.5118  460.12
7.1262  478.23
7.9045  498.29
8.7236  520.4
9.4198  540.5
9.9522  554.56
10.608  572.66
11.426  594.77
12.164  614.83
12.983  632.94
13.843  651
14.662  673.1
15.44 689.21
16.423  711.27
17.324  727.37
18.758  747.48
19.495  755.49
20.068  765.54
20.723  777.59
21.174  781.6
21.461  781.6
21.379  771.59
21.297  757.49
21.256  741.43
21.092  729.38
20.969  711.27
20.928  683.16
20.723  655.05
20.56 630.94
20.437  600.78
20.232  574.67
19.945  538.5
19.618  508.34
19.29 472.18
19.003  450.07
18.635  411.91
18.102  379.76
17.57 325.51
17.078  297.38
16.546  277.28
16.014  251.16
15.563  229.06
14.99 200.93
14.539  178.83
14.007  162.75
13.433  138.64
12.778  118.55
12.082  86.398
11.386  62.288
10.771  40.186
10.116  18.084
9.4607  -2.0093
8.8054  -22.102
8.191 -44.205
7.6586  -60.278
6.9215  -80.37
6.348 -94.436
5.6929  -110.51
5.1603  -132.61
4.587 -150.7
4.0955  -162.75
3.4813  -178.83
3.0307  -192.89
2.1297  -215
1.3925  -235.09
0.65529 -253.17
0.12287 -267.24
-0.49146  -285.32
-1.1877 -309.43
-1.8839 -331.53
-2.4983 -349.62
-3.1537 -365.69
-3.9317 -383.77
-4.7508 -403.87
-5.4061 -415.93
-6.1024 -438.03
-6.8395 -456.12
-7.4948 -476.23
-8.2321 -492.28
-8.8054 -510.34
-9.5425 -528.45
-10.198 -540.5
-11.017 -562.61
-11.672 -576.67
-12.328 -592.73
-12.942 -604.78
-13.597 -614.83
-14.212 -634.94
-14.826 -640.99
-15.563 -651
-16.095 -661.05
-16.71  -675.11
-17.57  -691.21
-18.307 -701.26
-19.044 -713.32
-19.659 -719.32
-20.314 -731.38
-21.01  -729.38
-21.543 -735.42
-21.829 -733.38
-22.075 -733.38
-21.993 -713.32
-21.911 -689.21
-21.829 -663.05
-21.625 -626.89
-21.461 -578.67
-21.215 -548.55
-20.887 -520.4
-20.642 -494.29
-20.396 -464.13
-19.986 -429.99
-19.577 -399.85
-19.249 -369.71
-18.676 -337.56
-18.02  -307.42
-17.242 -277.28
-16.546 -251.16
-15.85  -223.03
-15.235 -200.93
-14.58  -176.82
-13.925 -154.72
-13.352 -132.61
-12.696 -108.5
-12.082 -88.408
-11.345 -68.316
-10.526 -46.213
-9.9113 -26.121
-9.256  0
-8.6416 14.065
-8.1501 34.158
-7.6995 50.234
-7.1671 62.288
-6.7168 80.37
-6.2662 90.419
-5.5291 112.52
-4.9146 132.61
-4.1364 150.7
-3.5222 170.79
-2.8669 190.88
-2.2116 208.97
-1.7201 225.04
-1.0648 247.14
-0.61432  261.21
0.040955  283.31
0.86007 307.42
1.4334  323.5
2.0478  331.53
2.826 357.65
3.3584  373.73
4.0546  389.81
4.9146  417.93
5.7338  436.02
6.5118  456.12
7.2901  470.18
8.0683  496.29
8.7645  516.39
9.3787  528.45
10.034  546.51
10.935  562.61
11.631  582.72
12.573  604.78
13.269  614.83
13.72 624.89
14.539  644.99
15.317  663.05
16.3  681.16
17.16 693.21
18.02 707.27
18.799  723.37
19.536  735.42
20.273  743.43
21.051  751.48
21.993  761.54
22.935  775.59
23.631  779.6
24.369  785.64
25.024  795.7
25.801  795.7
26.416  799.7
26.909  799.7
27.236  801.7
27.48 801.7
27.236  785.64
27.277  775.59
27.153  757.49
27.071  737.43
26.866  707.27
26.825  681.16
26.825  655.05
26.497  624.89
26.294  598.78
26.048  570.66
25.72 530.45
25.514  502.34
25.31 476.23
24.901  448.07
24.573  415.93
24.205  385.79
23.836  361.68
23.345  335.55
22.73 307.42
22.075  273.26
21.461  243.13
20.682  219.01
20.068  188.88
19.413  166.77
18.758  142.66
17.979  116.54
17.365  94.436
16.996  80.37
16.382  58.272
15.522  34.158
14.785  10.046
14.007  -4.0186
13.065  -30.139
12.164  -56.261
11.386  -74.343
10.812  -84.392
10.157  -98.457
9.4198  -106.49
8.7645  -118.55
7.8633  -134.63
6.9624  -152.71
6.0206  -166.77
4.9555  -186.87
3.8499  -206.96
2.9487  -227.05
1.9249  -245.13
1.1058  -261.21
0.49146 -273.26
-0.08191  -283.31
-0.77815  -303.4
-1.5563 -317.47
-2.3345 -341.58
-3.1125 -357.65
-3.8087 -373.73
-4.3823 -385.79
-5.2832 -403.87
-6.0206 -421.95
-6.9624 -444.06
-7.6177 -456.12
-8.4369 -476.23
-9.2969 -494.29
-10.075 -510.34
-10.894 -532.45
-11.713 -550.56
-12.328 -562.61
-12.983 -578.67
-13.802 -592.73
-14.293 -602.78
-15.031 -620.88
-15.727 -632.94
-16.464 -646.99
-17.16  -657.05
-17.938 -675.11
-18.676 -681.16
-19.29  -693.21
-20.15  -703.26
-20.805 -715.32
-21.665 -725.37
-22.075 -727.37
-22.771 -737.43
-23.386 -741.43
-24.041 -751.48
-24.696 -751.48
-25.555 -757.49
-26.294 -757.49
-26.909 -757.49
-27.645 -759.53
-27.973 -759.53
-28.341 -763.54
-28.219 -743.43
-28.136 -715.32
-28.054 -699.22
-27.973 -681.16
-27.808 -655.05
-27.727 -630.94
-27.605 -608.83
-27.358 -580.67
-27.153 -550.56
-26.825 -514.39
-26.622 -486.24
-26.253 -458.12
-25.842 -427.98
-25.433 -401.86
-24.901 -363.68
-24.409 -333.55
-23.918 -309.43
-23.468 -283.31
-22.894 -257.19
-22.362 -233.08
-21.706 -208.97
-21.174 -184.85
-20.396 -158.73
-19.782 -132.61
-19.126 -110.51
-18.307 -92.43
-17.816 -74.343
-17.078 -56.261
-16.423 -40.186
-15.891 -22.102
-15.276 -6.0278
-14.744 8.037
-14.007 32.149
-13.392 42.195
-12.614 62.288
-11.959 76.354
-11.426 90.419
-10.812 102.47
-9.9931 116.54
-9.3378 136.63
-8.6416 144.67
-7.8633 162.75
-7.0853 174.81
-6.4709 186.87
-5.7338 202.94
-5.0376 217.01
-4.2184 235.09
-3.604  247.14
-2.9898 257.19
-2.4164 271.26
-1.6792 289.34
-0.90101  301.39
-0.20478  313.45
0.20478 323.5
1.0239  337.56
1.7201  353.64
2.4164  367.7
3.1537  381.77
3.8908  393.82
4.6279  407.89
5.3652  423.96
6.1024  444.06
7.0444  462.13
7.6177  470.18
8.3548  486.24
9.3378  504.34
10.403  518.4
11.59 538.5
12.287  550.56
13.352  568.62
13.966  584.72
14.539  590.72
15.317  604.78
16.341  622.88
17.365  638.94
18.143  653.04
19.126  667.1
19.822  675.11
20.601  685.16
21.338  697.21
22.485  709.27
23.508  723.37
24.123  729.38
24.901  737.43
25.72 747.48
26.375  753.48
26.99 759.53
27.277  763.54
27.645  765.54
27.767  755.49
27.686  741.43
27.645  725.37
27.521  707.27
27.399  687.16
27.358  663.05
27.193  636.94
27.031  614.83
26.866  588.72
26.662  562.61
26.335  526.45
26.088  502.34
25.842  474.18
25.514  454.12
25.31 429.99
24.901  407.89
24.614  379.76
24.123  353.64
23.631  325.51
23.222  305.41
22.607  275.27
22.116  253.17
21.583  227.05
21.092  206.96
20.642  188.88
19.986  168.78
19.372  144.67
18.88 122.57
18.389  100.46
17.775  84.392
17.038  56.261
16.546  38.177
15.932  18.084
14.99 0
14.13 -20.093
13.311  -40.186
12.573  -54.251
11.713  -70.326
11.058  -80.37
10.648  -86.398
10.116  -100.46
9.4198  -112.52
8.5187  -120.56
7.8224  -130.6
7.1262  -136.63
6.5118  -146.68
5.6929  -160.75
4.7508  -172.8
4.0955  -184.85
2.9898  -204.95
2.1706  -215
1.4744  -229.06
0.61432 -245.13
-0.040955 -257.19
-0.69624  -273.26
-1.2287 -285.32
-1.7611 -297.38
-2.4164 -311.44
-3.0716 -321.49
-4.0955 -345.6
-4.7508 -361.68
-5.3652 -375.74
-5.8976 -387.8
-6.5938 -403.87
-7.3721 -415.93
-8.0272 -429.99
-8.8872 -448.07
-9.6655 -466.17
-10.28  -478.23
-11.099 -494.29
-11.754 -506.34
-12.491 -518.4
-13.065 -530.45
-13.843 -548.55
-14.334 -558.61
-14.99  -568.62
-15.686 -578.67
-16.423 -588.72
-17.406 -606.83
-18.143 -618.88
-18.799 -628.89
-19.618 -638.94
-20.478 -649
-21.133 -657.05
-22.157 -673.1
-22.894 -683.16
-23.508 -685.16
-24.082 -697.21
-24.983 -703.26
-25.639 -709.27
-26.129 -715.32
-26.744 -721.32
-27.318 -723.37
-27.645 -725.37
-28.219 -729.38
-28.504 -729.38
-28.71  -729.38
-28.669 -711.27
-28.588 -695.21
-28.504 -673.1
-28.423 -653.04
-28.26  -628.89
-28.095 -604.78
-27.932 -582.72
-27.767 -554.56
-27.521 -522.4
-27.193 -490.28
-26.909 -460.12
-26.538 -434.01
-26.129 -403.87
-25.72  -373.73
-25.269 -349.62
-24.737 -319.48
-24.041 -283.31
-23.426 -253.17
-22.73  -223.03
-22.157 -198.92
-21.543 -174.81
-20.642 -144.67
-20.109 -124.58
-19.618 -108.5
-19.003 -90.419
-18.43  -70.326
-17.693 -52.24
-17.078 -36.168
-16.382 -14.065
-16.095 -8.037
-15.727 0