0.0000000
0.0762000
0.1524000
0.2286000
0.3048000
0.3810000
0.5080000
0.6096000
0.7112000
0.8382000
1.0160000
1.1430000
1.2954000
1.4732000
1.7018000
1.7018000
1.5748000
1.4732000
1.3970000
1.2954000
1.1938000
1.0668000
0.9906000
0.8890000
0.8128000
0.7112000
0.6096000
0.5334000
0.4826000
0.3810000
0.3048000
0.2032000
0.1270000
0.0254000
-0.0762000
-0.1778000
-0.3048000
-0.4264000
-0.6112000
-0.7814400
-0.9814000
-1.2446000
-1.2446000
-1.1622000
-1.0668000
-0.9490000
-0.8674000
-0.8066000
-0.7350000
-0.6634000
-0.5964000
-0.5040000
-0.4378000
-0.3670000
-0.2540000
-0.0700000
0.0720000
0.1903840
0.3054400
0.4473600
0.5489600
0.6705600
0.8221600
0.9737600
1.1338000
1.2654000
1.3922400
1.5240000
1.6764000
1.8288000
1.9812000
2.2098000
2.3876000
2.3876000
2.0320000
1.9558000
1.7526000
1.6256000
1.5240000
1.4224000
1.2954000
1.2038000
1.0668000
0.9398000
0.8287400
0.7253500
0.5831800
0.4302000
0.2503200
0.0862000
-0.0508000
-0.1778000
-0.3048000
-0.4318000
-0.5842000
-0.7112000
-0.8128000
-0.9398000
-1.0668000
-1.1938000
-1.2954000
-1.4570000
-1.5994000
-1.8526000
-2.2352000
-2.2352000
-2.1844000
-2.1082000
-1.9812000
-1.8542000
-1.7272000
-1.6510000
-1.5494000
-1.4478000
-1.3208000
-1.1938000
-1.0922000
-0.9652000
-0.8128000
-0.6858000
-0.4826000
-0.3856000
-0.2794000
-0.1524000
0.0254000
0.2032000
0.4064000
0.5588000
0.6858000
0.8382000
1.0414000
1.2192000
1.3462000
1.5240000
1.6510000
1.7526000
1.9050000
2.1082000
2.5654000
2.9464000
3.4544000
3.7846000
3.7484600
3.6576000
3.4798000
3.3528000
2.9464000
2.8194000
2.6416000
2.4638000
2.2860000
2.1082000
1.8796000
1.6764000
1.5271600
1.3700000
1.2084000
1.0039800
0.7958800
0.5631800
0.3540000
0.1476200
-0.0907000
-0.3302000
-0.5034000
-0.7112000
-0.8636000
-1.0014000
-1.1430000
-1.3208000
-1.4986000
-1.6764000
-1.8288000
-1.9812000
-2.1082000
-2.2860000
-2.4638000
-2.6670000
-3.0012000
-3.5798000
-3.5298000
-3.3978200
-3.2258000
-3.0988000
-2.9718000
-2.8702000
-2.7178000
-2.5654000
-2.3876000
-2.2098000
-2.0320000
-1.8796000
-1.7018000
-1.5432000
-1.4285400
-1.2950000
-1.1500000
-1.0000000
-0.8200000
-0.6300000
-0.4167773
-0.2383886
-0.0476777
0.0953555
0.2860664
0.4910806
0.6960948
0.8656272
1.1000000
1.3400000
1.5682634
1.7801909
2.1000000
2.4500000
2.7500000
3.0100000
3.3055104
3.7123014
4.1479621
4.7500000
5.0300000
5.0257090
4.9671262
4.9421490
4.9170205
4.8489009
4.8046989
4.6799644
4.5791475
4.5049729
4.3832660
4.2506599
3.9460898
3.8295297
3.3363442
2.9772785
2.6222749
2.2646919
1.9071090
1.6091232
1.3111374
0.9535545
0.5959716
0.2979858
0.0595972
-0.1191943
-0.3575829
-0.6138507
-0.9700000
-1.2443392
-1.4807169
-1.6572730
-1.8035029
-2.0472195
-2.2007610
-2.4467613
-2.7314867
-2.9319589
-3.1677808
-3.5576222
-3.9751303
-4.3000000
-4.7800000
-4.8900000
-4.9271262
-4.9421490
-4.9170205
-4.8489009
-4.7500000
-4.6799644
-4.5791475
-4.5049729
-4.3832660
-4.2506599
-4.1000000
-3.9000000
-3.6200000
-3.3500000
-3.1221282
-2.8736795
-2.6475441
-2.3844687
-2.1100000
-1.8900000
-1.6390000
-1.4459157
-1.2210180
-1.0001201
-0.7530000
-0.5280000
-0.2913383
-0.0751957
0.1873068
0.4799480
0.7699664
1.0208716
1.3014960
1.5600000
1.7200000
2.0000000
2.3000000
2.7500000
3.2000000
3.8100000
4.2942000
4.7498000
5.0816000
5.4626000
5.9166000
6.6294000
7.1882000
7.1390820
7.0412000
6.9088000
6.7818000
6.6294000
6.4262000
6.2484000
6.0452000
5.8928000
5.7150000
5.4864000
5.3086000
5.1816000
5.0292000
4.7752000
4.5974000
4.2672000
3.9624000
3.7306000
3.3924200
3.0992400
2.7352000
2.5308200
2.2574000
1.8002000
1.3965200
1.0245720
0.6161976
0.1502796
-0.2247240
-0.6856400
-1.0999520
-1.4583880
-1.8592800
-2.1381720
-2.4170640
-2.6959560
-2.8818840
-3.0678120
-3.3157160
-3.5946080
-3.8735000
-4.1833800
-4.5862240
-4.9890680
-5.4848760
-6.3444636
-7.1213520
-7.0073520
-6.8915280
-6.7757040
-6.6019680
-6.4861440
-6.2255400
-5.9938920
-5.8201560
-5.6464200
-5.3568600
-5.2410360
-5.0093880
-4.7198280
-4.4592240
-4.2275760
-3.9959280
-3.6774120
-3.3878520
-3.0693360
-2.7218640
-2.4033480