-0.00085288
-0.00086676
-0.0010382
-0.0012698
-0.0014692
-0.0015906
-0.0016094
-0.001543
-0.0014639
-0.0014378
-0.0014677
-0.0015129
-0.0015427
-0.0015547
-0.0015605
-0.0015719
-0.0015945
-0.0016266
-0.0016609
-0.0016857
-0.0016895
-0.0016721
-0.0016442
-0.001611
-0.0015674
-0.0015207
-0.0014959
-0.001503
-0.0015219
-0.0015312
-0.001528
-0.0015219
-0.0015264
-0.001557
-0.0016273
-0.0017313
-0.0018205
-0.0018093
-0.0016584
-0.0014244
-0.0011861
-0.00097049
-0.00079283
-0.00076816
-0.0010424
-0.0015882
-0.0022343
-0.002847
-0.0034027
-0.0038021
-0.0037247
-0.0029921
-0.0018877
-0.0010825
-0.0011169
-0.0017476
-0.0022547
-0.0022042
-0.0016296
-0.00083826
-0.00013192
0.00039568
0.00074118
0.00071354
9.747e-05
-0.00085493
-0.0015104
-0.0015251
-0.0011258
-0.00075172
-0.00063041
-0.00075416
-0.0011616
-0.0019351
-0.0029848
-0.0041226
-0.0052586
-0.0064783
-0.0078315
-0.0090417
-0.0097529
-0.0099862
-0.010227
-0.011064
-0.012655
-0.014689
-0.016616
-0.017681
-0.017382
-0.016079
-0.014634
-0.01359
-0.01291
-0.012223
-0.01133
-0.010698
-0.011118
-0.01271
-0.014994
-0.017617
-0.020289
-0.022652
-0.024653
-0.026607
-0.028768
-0.030708
-0.031505
-0.030967
-0.029793
-0.028365
-0.026319
-0.023612
-0.021238
-0.020107
-0.018903
-0.014119
-0.0039248
0.0097701
0.02329
0.03209
0.032681
0.026579
0.019072
0.013971
0.011399
0.0092253
0.0055391
0.00021021
-0.0056282
-0.011003
-0.015718
-0.020193
-0.024883
-0.029955
-0.035606
-0.042187
-0.049755
-0.057873
-0.066029
-0.074032
-0.082078
-0.090322
-0.096822
-0.097413
-0.090682
-0.080144
-0.070116
-0.062765
-0.059363
-0.060512
-0.064267
-0.067052
-0.06682
-0.064286
-0.061727
-0.061693
-0.065724
-0.072853
-0.080601
-0.086887
-0.084104
-0.057664
-0.0034408
0.064885
0.12593
0.15895
0.15791
0.13904
0.12411
0.12201
0.12783
0.13222
0.13033
0.12462
0.12062
0.12091
0.12408
0.12764
0.13024
0.13182
0.13132
0.12622
0.11607
0.10363
0.091853
0.081565
0.071856
0.06147
0.049263
0.034419
0.017343
-0.00047695
-0.017856
-0.034649
-0.051344
-0.068427
-0.08609
-0.10426
-0.12272
-0.14124
-0.15968
-0.17805
-0.19645
-0.21507
-0.23393
-0.25203
-0.26736
-0.27937
-0.2899
-0.30114
-0.31314
-0.32062
-0.31591
-0.29797
-0.27011
-0.22926
-0.15321
-0.013473
0.15725
0.26347
0.25824
0.18858
0.12657
0.10541
0.11322
0.12123
0.11072
0.081569
0.045078
0.01334
-0.0080969
-0.021956
-0.03467
-0.050599
-0.07008
-0.090965
-0.11112
-0.12977
-0.14748
-0.16672
-0.18035
-0.14418
-0.010618
0.17395
0.28786
0.27414
0.18618
0.10705
0.07592
0.079927
0.085871
0.071507
0.035469
-0.0086283
-0.03276
-0.0049781
0.076959
0.17116
0.22212
0.21129
0.16853
0.13374
0.12354
0.12968
0.1354
0.13037
0.11505
0.095936
0.078922
0.066007
0.055787
0.045717
0.034292
0.021582
0.008387
-0.0045746
-0.017188
-0.028028
-0.030717
-0.018954
0.0042593
0.029618
0.050937
0.068374
0.082381
0.088071
0.081906
0.068395
0.055066
0.04543
0.038191
0.030245
0.019417
0.0056671
-0.0094197
-0.024113
-0.037706
-0.05061
-0.063832
-0.074141
-0.068676
-0.036572
0.010784
0.043109
0.041111
0.014491
-0.013768
-0.029797
-0.034693
-0.037357
-0.04507
-0.059306
-0.077023
-0.09438
-0.10947
-0.12268
-0.13612
-0.14723
-0.13519
-0.082654
-0.019482
0.0044535
-0.020157
-0.063691
-0.096292
-0.10941
-0.11228
-0.11774
-0.13208
-0.15359
-0.17813
-0.19692
-0.16875
-0.046505
0.11991
0.20979
0.1802
0.092055
0.020896
-0.004184
1.13e-06
0.0024242
-0.016094
-0.049718
-0.05649
0.0081366
0.1166
0.1866
0.18036
0.13019
0.085629
0.069877
0.075355
0.082506
0.078141
0.061441
0.039428
0.019261
0.0035938
-0.001606
0.014789
0.045242
0.063096
0.05591
0.034709
0.015811
0.006595
0.0044038
0.0026979
-0.003452
-0.014927
-0.029294
-0.043449
-0.055934
-0.066274
-0.07046
-0.06255
-0.043529
-0.021179
-0.0015729
0.013317
0.019949
0.01385
-0.0022136
-0.019822
-0.033498
-0.043602
-0.053828
-0.067385
-0.084555
-0.10331
-0.1216
-0.13858
-0.15476
-0.17124
-0.18002
-0.1607
-0.10426
-0.032281
0.015835
0.017223
-0.014079
-0.047128
-0.0613
-0.050467
-0.020311
0.011852
0.025747
0.014873
-0.0089976
-0.029865
-0.040772
-0.044771
-0.048549
-0.056448
-0.068629
-0.082938
-0.097214
-0.11035
-0.12239
-0.13406
-0.14611
-0.15884
-0.17233
-0.18632
-0.19865
-0.2056
-0.20604
-0.20343
-0.20185
-0.20118
-0.19659
-0.18458
-0.15616
-0.082231
0.036797
0.12967
0.1366
0.078236
0.012693
-0.021403
-0.012657
0.032218
0.091092
0.14077
0.17408
0.19941
0.22261
0.23411
0.22412
0.19894
0.17245
0.15197
0.13601
0.11958
0.098964
0.073362
0.043849
0.012424
-0.018608
-0.048079
-0.076552
-0.10526
-0.13487
-0.16569
-0.18584
-0.16346
-0.083221
0.014275
0.062818
0.040337
-0.017858
-0.066291
-0.086739
-0.089272
-0.092907
-0.10888
-0.13646
-0.16812
-0.19715
-0.22157
-0.24434
-0.26166
-0.23762
-0.12797
0.042033
0.17408
0.1985
0.14022
0.072532
0.042672
0.049657
0.065787
0.068283
0.063844
0.083083
0.13831
0.19801
0.22013
0.19911
0.16259
0.13692
0.12871
0.12888
0.12579
0.11425
0.096313
0.076999
0.059967
0.045578
0.035208
0.03708
0.058561
0.093654
0.12422
0.13426
0.12423
0.10815
0.098496
0.096363
0.09338
0.08241
0.063886
0.042701
0.022921
0.004379
-0.0077848
0.016339
0.090188
0.16076
0.17247
0.1324
0.082279
0.05215
0.044297
0.043985
0.036916
0.01865
-0.0065203
-0.031843
-0.053474
-0.071796
-0.088016
-0.097537
-0.092207
-0.07243
-0.04782
-0.0263
-0.010416
-0.0037462
-0.01053
-0.027404
-0.04546
-0.059174
-0.069248
-0.079247
-0.091793
-0.10709
-0.12348
-0.13931
-0.15402
-0.16804
-0.18227
-0.19384
-0.19157
-0.16609
-0.12363
-0.079568
-0.044475
-0.024108
-0.021891
-0.033114
-0.046397
-0.053989
-0.056325
-0.056214
-0.051722
-0.039543
-0.021585
-0.0028409
0.011642
0.016893
0.012504
0.0050841
0.0025496
0.0071976
0.015237
0.021118
0.020952
0.0147
0.0061472
-0.0013022
-0.0080301
-0.01654
-0.027886
-0.040885
-0.054104
-0.064089
-0.063441
-0.048615
-0.025692
-0.0032073
0.016298
0.031575
0.035211
0.022811
0.0013767
-0.019104
-0.033192
-0.036544
-0.025846
-0.0056459
0.011717
0.014862
0.0031824
-0.013767
-0.026635
-0.032953
-0.036005
-0.040177
-0.047721
-0.055653
-0.054468
-0.038871
-0.016847
0.00060259
0.0093233
0.0092956
0.0026257
-0.0060772
-0.012868
-0.016806
-0.017398
-0.01346
-0.0059399
0.0015242
0.0048998
0.002684
-0.0026999
-0.0075255
-0.010053
-0.010989
-0.011983
-0.013705
-0.013616
-0.0077118
0.0042729
0.018689
0.031716
0.039195
0.036626
0.025433
0.014107
0.0093813
0.010666
0.013127
0.012928
0.0096837
0.0049038
-0.0018008
-0.01256
-0.023771
-0.025424
-0.013524
0.0035573
0.012828
0.009183
-0.00060968
-0.0067227
-0.00537
0.00053549
0.0061298
0.0084017
0.0064773
0.0012867
-0.0048612
-0.010049
-0.014422
-0.019406
-0.025819
-0.03323
-0.041503
-0.052478
-0.067778
-0.085111
-0.094381
-0.082677
-0.049808
-0.0091635
0.023059
0.033988
0.022773
0.0024068
-0.013156
-0.01976
-0.021616
-0.021581
-0.01665
-0.0048415
0.010656
0.025759
0.03858
0.046172
0.043992
0.03251
0.018003
0.0059335
-0.00285
-0.010212
-0.017689
-0.025863
-0.034781
-0.043935
-0.049907
-0.046442
-0.031788
-0.011591
0.0072828
0.01947
0.020616
0.01183
0.001414
-0.0020598
0.0029421
0.010965
0.014874
0.011282
0.0025115
-0.0066478
-0.013175
-0.017139
-0.020311
-0.02434
-0.029736
-0.034706
-0.035338
-0.02959
-0.019901
-0.01011
-0.004086
-0.0064166
-0.018298
-0.034978
-0.050647
-0.061689
-0.063799
-0.053954
-0.036093
-0.018746
-0.0086753
-0.0066938
-0.0078786
-0.0073727
-0.006214
-0.0078614
-0.011244
-0.013748
-0.016176
-0.020791
-0.027921
-0.036066
-0.043818
-0.050773
-0.057421
-0.063107
-0.064975
-0.061568
-0.055133
-0.048892
-0.045569
-0.048403
-0.058674
-0.073445
-0.08608
-0.085389
-0.066876
-0.044467
-0.033998
-0.033918
-0.030588
-0.015984
0.0039235
0.018345
0.023735
0.024408
0.025736
0.02937
0.033646
0.036801
0.038469
0.038872
0.038159
0.037501
0.036576
0.030584
0.014263
-0.011136
-0.031725
-0.030821
-0.0081883
0.021655
0.045611
0.057371
0.054241
0.040171
0.02618
0.02078
0.023445
0.028035
0.029682
0.027609
0.023742
0.020346
0.018468
0.01784
0.017571
0.017473
0.018393
0.020581
0.023347
0.025582
0.025379
0.021341
0.014514
0.0072499
0.00041451
-0.0068742
-0.015232
-0.024499
-0.033854
-0.041119
-0.044275
-0.044063
-0.043148
-0.04341
-0.044786
-0.045845
-0.045526
-0.044024
-0.04219
-0.040553
-0.038435
-0.034685
-0.029301
-0.024382
-0.022902
-0.025617
-0.030396
-0.034896
-0.03786
-0.023079
0.029626
0.099265
0.14452
0.15349
0.13999
0.12242
0.11273
0.11215
0.11439
0.11291
0.10522
0.093045
0.07981
0.068058
0.058394
0.049731
0.040768
0.030994
0.020558
0.00995
6.581e-05
-0.0062315
-0.0057201
0.00062192
0.008352
0.013274
0.01174
0.0023518
-0.011565
-0.024586
-0.031521
-0.028814
-0.019185
-0.012937
-0.019931
-0.03968
-0.063161
-0.082717
-0.097033
-0.10953
-0.12423
-0.14268
-0.16448
-0.18305
-0.16753
-0.082018
0.044784
0.12699
0.12063
0.060287
0.003854
-0.018933
-0.0072293
0.030704
0.07667
0.10281
0.095668
0.068265
0.043062
0.034183
0.043516
0.059766
0.063772
0.045642
0.013076
-0.020077
-0.047907
-0.073743
-0.10224
-0.1353
-0.16832
-0.18134
-0.15227
-0.091518
-0.040655
-0.029495
-0.049513
-0.068798
-0.063765
-0.035385
-0.00022332
0.027491
0.044673
0.056702
0.069897
0.085839
0.10132
0.11296
0.11687
0.10767
0.085753
0.05879
0.034166
0.013718
-0.0051597
-0.025411
-0.049068
-0.077838
-0.11196
-0.14933
-0.17297
-0.1449
-0.05785
0.029627
0.058184
0.030217
-0.011868
-0.03441
-0.032474
-0.020418
-0.014075
-0.021709
-0.043937
-0.07418
-0.094779
-0.082577
-0.032497
0.032371
0.075459
0.073546
0.037356
-0.0012204
-0.018609
-0.013902
-0.002068
0.0027729
-0.0038325
-0.019362
-0.038977
-0.057253
-0.06987
-0.076497
-0.080905
-0.086409
-0.090595
-0.087612
-0.076389
-0.060916
-0.044043
-0.026402
-0.011882
-0.007158
-0.0094726
-0.0057107
0.011679
0.035918
0.050429
0.043129
0.018427
-0.0094041
-0.030519
-0.044989
-0.056413
-0.057988
-0.039262
-0.0094919
0.010213
0.0109
-0.00084749
-0.011612
-0.011015
0.001365
0.017944
0.031165
0.037996
0.037917
0.031747
0.022868
0.015015
0.0095579
0.0044023
-0.0048218
-0.019938
-0.038572
-0.057292
-0.074382
-0.090295
-0.10647
-0.12036
-0.12195
-0.10422
-0.072579
-0.037477
-0.004817
0.022781
0.038456
0.03499
0.017443
0.0041044
0.013275
0.047132
0.088249
0.11105
0.10162
0.069605
0.036032
0.013683
0.0014683
-0.0078411
-0.01837
-0.030219
-0.042773
-0.054983
-0.062323
-0.058348
-0.042867
-0.023277
-0.0077169
0.00019152
0.0028409
0.0055375
0.011344
0.018381
0.021759
0.019687
0.016882
0.019896
0.030017
0.043024
0.05454
0.063497
0.070604
0.073547
0.067916
0.054051
0.037462
0.022867
0.010929
-0.00057499
-0.012168
-0.019075
-0.017196
-0.0099326
-0.0039702
-0.0022246
-0.0033276
-0.0021456
0.0085354
0.024959
0.030918
0.019111
-0.0021633
-0.021784
-0.035075
-0.04441
-0.053863
-0.065159
-0.07671
-0.081791
-0.072796
-0.05095
-0.025048
-0.0023136
0.016087
0.031437
0.040115
0.03736
0.026087
0.013699
0.0045121
-0.001887
-0.0082382
-0.016662
-0.027375
-0.039455
-0.048661
-0.046043
-0.02699
0.0015853
0.027265
0.042358
0.048892
0.053527
0.058243
0.060125
0.05785
0.053312
0.048642
0.044351
0.039659
0.034293
0.028917
0.023843
0.019191
0.017367
0.022779
0.035854
0.050741
0.06124
0.067021
0.074297
0.087878
0.10145
0.10383
0.093428
0.078097
0.065318
0.05729
0.052387
0.048261
0.043292
0.036908
0.029636
0.022387
0.014997
0.0062325
-0.0043006
-0.015704
-0.026883
-0.037426
-0.047683
-0.057847
-0.067389
-0.075866
-0.083557
-0.091171
-0.099131
-0.10725
-0.11475
-0.12014
-0.12302
-0.12482
-0.127
-0.1301
-0.13362
-0.13719
-0.14219
-0.15085
-0.16326
-0.1771
-0.19038
-0.203
-0.21248
-0.2062
-0.17112
-0.11367
-0.056473
-0.016626
0.0073546
0.027245
0.046716
0.058605
0.058926
0.053252
0.051799
0.062049
0.082379
0.10475
0.12201
0.12877
0.12304
0.11011
0.097983
0.090491
0.086336
0.081901
0.075507
0.070253
0.070476
0.075774
0.08154
0.084281
0.083932
0.08214
0.080764
0.080779
0.08172
0.082895
0.083826
0.084249
0.083688
0.078595
0.062978
0.035354
0.0020083
-0.025782
-0.03784
-0.034611
-0.028348
-0.031701
-0.046504
-0.061386
-0.061085
-0.044111
-0.026997
-0.025671
-0.040033
-0.059187
-0.073353
-0.077083
-0.069428
-0.05557
-0.04281
-0.034386
-0.028748
-0.024901
-0.026279
-0.035372
-0.048884
-0.058909
-0.057111
-0.044321
-0.032485
-0.031346
-0.039331
-0.046855
-0.044261
-0.030821
-0.015583
-0.0069596
-0.0054778
-0.0051205
-0.00026945
0.0065832
0.0087073
0.0044963
-0.0025006
-0.0085673
-0.012622
-0.014778
-0.013205
-0.0059911
0.0052365
0.017069
0.026936
0.03163
0.027564
0.015676
0.0015386
-0.010798
-0.021982
-0.033959
-0.045046
-0.051757
-0.053739
-0.053519
-0.053443
-0.054108
-0.054753
-0.05472
-0.053579
-0.048543
-0.037086
-0.024641
-0.019966
-0.02435
-0.032772
-0.040666
-0.046487
-0.051025
-0.055674
-0.060337
-0.063583
-0.064852
-0.065969
-0.070748
-0.080099
-0.089225
-0.093695
-0.095514
-0.096871
-0.090156
-0.066632
-0.032659
-0.0051968
0.0067626
0.0088178
0.011063
0.018067
0.028325
0.037936
0.042947
0.041177
0.033931
0.025062
0.018442
0.015648
0.013293
0.0024257
-0.022043
-0.04659
-0.047361
-0.017943
0.02418
0.052443
0.049817
0.022433
-0.0092807
-0.030753
-0.041637
-0.04785
-0.046233
-0.026807
0.0096443
0.051482
0.085156
0.095355
0.074512
0.035311
0.0016488
-0.012063
-0.010277
-0.0052139
-0.0012701
0.0041234
0.011758
0.019733
0.026366
0.029831
0.028771
0.02479
0.021443
0.020703
0.021257
0.019649
0.013546
0.0046649
-0.002423
-0.0050656
-0.0060011
-0.010651
-0.020396
-0.031271
-0.039179
-0.044968
-0.055846
-0.078917
-0.10727
-0.118
-0.095587
-0.049622
-0.0015578
0.036044
0.064116
0.085096
0.093881
0.087946
0.074831
0.06364
0.057123
0.052495
0.046047
0.036213
0.023922
0.01142
0.00087692
-0.0067668
-0.012465
-0.018857
-0.029612
-0.045006
-0.053088
-0.035861
0.005339
0.044513
0.059017
0.051148
0.039821
0.039904
0.049916
0.056963
0.052316
0.03838
0.020477
-0.0023222
-0.031708
-0.060998
-0.08177
-0.094214
-0.10478
-0.11905
-0.13732
-0.15166
-0.15189
-0.13765
-0.11642
-0.091493
-0.062666
-0.034725
-0.014094
8.476e-05
0.011147
0.015902
0.010123
-0.0032345
-0.017611
-0.029416
-0.039226
-0.049472
-0.058867
-0.058792
-0.042701
-0.01805
0.00062766
0.0089603
0.011715
0.01067
0.0056616
-0.0010389
-0.0069761
-0.0099507
-0.0073202
0.00085055
0.010582
0.017601
0.020909
0.023252
0.028595
0.038589
0.051476
0.06408
0.070962
0.065279
0.047017
0.025621
0.011164
0.0055495
0.0034138
-0.00082193
-0.008026
-0.014992
-0.019064
-0.020475
-0.021181
-0.024177
-0.032514
-0.044708
-0.049986
-0.03577
-0.0026386
0.036644
0.066093
0.071675
0.052711
0.024297
0.00228
-0.0084746
-0.013319
-0.020165
-0.032412
-0.044971
-0.04784
-0.037374
-0.019804
-0.003152
0.0095306
0.017543
0.017146
0.0055818
-0.012913
-0.03092
-0.044432
-0.054622
-0.06511
-0.077314
-0.085866
-0.082253
-0.065942
-0.044745
-0.024909
-0.0074577
0.0063875
0.013909
0.01614
0.016783
0.017
0.015695
0.012393
0.0075729
0.0014928
-0.006693
-0.01799
-0.028323
-0.028896
-0.016829
0.0014645
0.018169
0.030587
0.039478
0.043069
0.038261
0.02686
0.014357
0.0042793
-0.0036092
-0.011562
-0.018938
-0.019813
-0.010477
0.0021019
0.0053665
-0.0051289
-0.022642
-0.038352
-0.048801
-0.055901
-0.062178
-0.06616
-0.064653
-0.058326
-0.050743
-0.044393
-0.041069
-0.04339
-0.051838
-0.062999
-0.073236
-0.08073
-0.081195
-0.068014
-0.041633
-0.011045
0.01432
0.03074
0.041762
0.052501
0.060432
0.058008
0.044421
0.026922
0.01298
0.0048552
-0.00033959
-0.006708
-0.013643
-0.014518
-0.0051611
0.010844
0.027341
0.040634
0.047663
0.045183
0.034603
0.02197
0.011936
0.0048723
-0.0015159
-0.0094635
-0.018264
-0.023242
-0.0206
-0.012138
-0.0026535
0.0043532
0.0080693
0.010907
0.016908
0.026194
0.031782
0.02665
0.012306
-0.0041715
-0.017493
-0.026711
-0.034244
-0.042722
-0.052136
-0.060516
-0.066979
-0.071445
-0.07122
-0.063107
-0.048753
-0.031427
-0.0093788
0.021048
0.055758
0.079399
0.078577
0.057933
0.034066
0.01858
0.011736
0.0070355
-0.0013654
-0.014935
-0.031534
-0.045723
-0.04856
-0.036619
-0.020893
-0.016369
-0.025947
-0.040742
-0.049969
-0.048482
-0.039389
-0.029771
-0.024631
-0.024653
-0.027234
-0.029228
-0.028604
-0.024093
-0.015397
-0.0042827
0.0063665
0.015135
0.022816
0.028967
0.029654
0.022704
0.011491
0.00077957
-0.007513
-0.014493
-0.02075
-0.021789
-0.011935
0.0058827
0.021025
0.026586
0.025046
0.023115
0.024227
0.025848
0.023799
0.018179
0.012915
0.010734
0.010989
0.011533
0.011021
0.0084335
0.0020007
-0.0063306
-0.0096579
-0.0046582
0.0050275
0.013266
0.014059
0.0048379
-0.010674
-0.026807
-0.041428
-0.055538
-0.070548
-0.086097
-0.098842
-0.10426
-0.1009
-0.092674
-0.084893
-0.078047
-0.0683
-0.053504
-0.035956
-0.020179
-0.0090018
-0.0012823
0.0055124
0.010598
0.010903
0.0062744
-0.00024018
-0.0059555
-0.010327
-0.014306
-0.018937
-0.024509
-0.028949
-0.02785
-0.019382
-0.0068255
0.0052758
0.014961
0.023097
0.031438
0.040917
0.05138
0.060766
0.064454
0.059584
0.049054
0.038245
0.03008
0.024031
0.018044
0.010635
0.0016993
-0.0060741
-0.0074437
-0.00024792
0.011701
0.023135
0.031761
0.037019
0.037683
0.033961
0.028704
0.024524
0.022238
0.022596
0.026556
0.03315
0.040016
0.044965
0.046095
0.043138
0.038311
0.034296
0.031584
0.028929
0.025879
0.022928
0.020274
0.017696
0.014768
0.010972
0.0064468
0.0004065
-0.012741
-0.038059
-0.068483
-0.089725
-0.096946
-0.096404
-0.093727
-0.089555
-0.084753
-0.081847
-0.078867
-0.067796
-0.045827
-0.022409
-0.0082987
-0.0040021
-0.0030686
-0.0016939
-0.0010963
-0.0028229
-0.0063767
-0.010593
-0.014432
-0.016973
-0.018112
-0.018752
-0.020053
-0.023185
-0.028089
-0.031479
-0.029264
-0.021516
-0.011986
-0.0037012
0.0021739
0.0033235
-0.0024526
-0.011927
-0.019107
-0.022033
-0.022704
-0.022014
-0.018306
-0.010972
-0.0019215
0.0068054
0.013682
0.015545
0.0095974
-0.0020642
-0.014288
-0.023797
-0.028416
-0.025078
-0.013839
0.00038419
0.012838
0.022354
0.028104
0.026949
0.018114
0.0059735
-0.0037325
-0.0079683
-0.0077321
-0.0062614
-0.0062626
-0.0083454
-0.011343
-0.01388
-0.0153
-0.015809
-0.016161
-0.017209
-0.019229
-0.021799
-0.024447
-0.026837
-0.028872
-0.030721
-0.032551
-0.034472
-0.03653
-0.038651
-0.040747
-0.04281
-0.044847
-0.04697
-0.049894
-0.053998
-0.056786
-0.054305
-0.046162
-0.035913
-0.026912
-0.019937
-0.013743
-0.0064927
0.0014427
0.0056054
0.0022128
-0.0070322
-0.016854
-0.02033
-0.011808
0.0071263
0.028827
0.047082
0.058651
0.061287
0.056398
0.049574
0.044156
0.037366
0.025176
0.0077996
-0.011613
-0.03032
-0.043774
-0.044871
-0.032247
-0.013516
0.0014054
0.0066551
0.0037612
-0.00070553
-0.00087801
0.0056824
0.01741
0.030226
0.04101
0.046647
0.042138
0.026414
0.0054997
-0.012324
-0.021318
-0.021629
-0.018508
-0.017193
-0.019399
-0.023958
-0.02923
-0.034099
-0.038088
-0.041455
-0.044888
-0.047859
-0.04633
-0.036071
-0.018651
0.00037064
0.016558
0.026488
0.027913
0.023195
0.017807
0.015381
0.016536
0.020093
0.024099
0.026669
0.025934
0.02064
0.011859
0.0017425
-0.0087173
-0.019361
-0.030217
-0.04143
-0.051072
-0.054312
-0.049021
-0.039031
-0.029613
-0.022844
-0.017499
-0.011492
-0.0040373
0.003876
0.010907
0.016884
0.022113
0.02455
0.020408
0.0094076
-0.0045088
-0.017606
-0.028862
-0.039364
-0.050707
-0.062555
-0.069239
-0.063796
-0.047375
-0.027891
-0.012458
-0.0041784
-0.0013235
0.00076945
0.0055633
0.013219
0.021416
0.027226
0.029367
0.029128
0.028738
0.029472
0.031197
0.033188
0.03545
0.03872
0.042354
0.043612
0.040818
0.035862
0.032151
0.031175
0.031766
0.031109
0.026385
0.01732
0.0066399
-0.0024281
-0.0086793
-0.012352
-0.012869
-0.0098864
-0.0050265
-0.00042902
0.0030718
0.0060523
0.0082024
0.0063685
-0.00207
-0.015525
-0.030335
-0.044222
-0.057342
-0.070146
-0.080296
-0.08496
-0.085234
-0.084632
-0.084777
-0.084664
-0.082568
-0.077491
-0.070017
-0.061474
-0.052006
-0.040846
-0.02755
-0.012002
0.0046311
0.018719
0.027074
0.030833
0.033739
0.037214
0.039455
0.038919
0.036255
0.033091
0.029756
0.024436
0.015536
0.0032431
-0.011532
-0.027132
-0.040836
-0.050958
-0.058741
-0.065389
-0.067895
-0.062459
-0.050658
-0.038048
-0.028515
-0.021906
-0.01576
-0.0081171
0.0015146
0.013224
0.026304
0.035728
0.034247
0.021291
0.0039445
-0.010888
-0.021494
-0.030269
-0.039962
-0.051271
-0.063165
-0.072739
-0.075765
-0.071266
-0.062468
-0.05233
-0.041948
-0.031533
-0.020737
-0.0090851
0.0034831
0.016594
0.029561
0.041413
0.051611
0.060725
0.069869
0.079528
0.086996
0.08656
0.076363
0.061302
0.046677
0.032537
0.015671
-0.0047541
-0.025032
-0.040672
-0.051424
-0.060753
-0.069826
-0.073928
-0.068389
-0.055595
-0.043275
-0.037736
-0.038896
-0.04195
-0.042721
-0.039248
-0.030456
-0.017181
-0.0024986
0.010278
0.01716
0.014731
0.0049222
-0.0062167
-0.014531
-0.020028
-0.025027
-0.03153
-0.039751
-0.048422
-0.056317
-0.063245
-0.068347
-0.068244
-0.060571
-0.047878
-0.035143
-0.025435
-0.018459
-0.011905
-0.0039367
0.005059
0.012974
0.018485
0.022272
0.025814
0.030019
0.034864
0.039813
0.044149
0.046215
0.043962
0.037763
0.030567
0.024833
0.020778
0.017212
0.013565
0.01065
0.0091337
0.0084913
0.0078038
0.0063881
0.0037955
0.00024972
-0.0034074
-0.0065833
-0.009348
-0.012156
-0.014633
-0.014842
-0.011369
-0.005353
0.00088253
0.0060526
0.01036
0.014668
0.019626
0.02517
0.0297
0.030773
0.02796
0.023396
0.019475
0.018039
0.02029
0.025559
0.031557
0.036485
0.040158
0.043316
0.04669
0.050693
0.054765
0.056511
0.053567
0.046796
0.038389
0.026014
0.0055107
-0.018907
-0.037251
-0.046132
-0.050484
-0.056421
-0.065788
-0.074376
-0.076028
-0.069735
-0.059915
-0.051333
-0.046599
-0.045988
-0.047499
-0.048523
-0.047831
-0.046066
-0.043893
-0.038099
-0.023692
-0.0024653
0.016999
0.029171
0.036113
0.040637
0.04027
0.032471
0.019912
0.0072177
-0.0033275
-0.012081
-0.020427
-0.029539
-0.039786
-0.050519
-0.058729
-0.059929
-0.053439
-0.043601
-0.035009
-0.029277
-0.025457
-0.021682
-0.016638
-0.010623
-0.0059707
-0.0051965
-0.008037
-0.011957
-0.014924
-0.016594
-0.017766
-0.019367
-0.021272
-0.021901
-0.020161
-0.017009
-0.014081
-0.012078
-0.010703
-0.0092623
-0.0073137
-0.0053116
-0.0045249
-0.005612
-0.0078435
-0.0095114
-0.0086131
-0.0045694
0.0012522
0.0075713
0.014212
0.021243
0.028562
0.036065
0.043705
0.051704
0.058883
0.058591
0.043306
0.017179
-0.0058415
-0.017396
-0.020795
-0.024005
-0.03159
-0.042752
-0.054334
-0.062855
-0.064689
-0.059006
-0.049551
-0.041613
-0.038423
-0.0394
-0.041378
-0.041797
-0.040278
-0.037982
-0.035952
-0.033554
-0.029186
-0.022102
-0.012593
-0.0016522
0.0094984
0.020041
0.028125
0.030744
0.027614
0.022377
0.019012
0.018644
0.019659
0.019964
0.018773
0.017108
0.016883
0.018965
0.022453
0.025939
0.028777
0.030623
0.030539
0.028077
0.024334
0.020216
0.014629
0.0060898
-0.0048931
-0.016536
-0.026652
-0.03189
-0.030143
-0.02408
-0.019089
-0.018207
-0.020309
-0.022456
-0.022799
-0.021419
-0.019521
-0.018186
-0.017676
-0.017646
-0.017637
-0.016781
-0.013491
-0.0070662
0.0011177
0.0092134
0.016589
0.02368
0.031141
0.037841
0.039945
0.035204
0.026224
0.017334
0.010649
0.0055401
0.00035806
-0.0059374
-0.013355
-0.020567
-0.025123
-0.025826
-0.024175
-0.022567
-0.022201
-0.022103
-0.019657
-0.013358
-0.0045027
0.0045273
0.012557
0.019095
0.020769
0.01272
-0.0041074
-0.022501
-0.036139
-0.042417
-0.040093
-0.03056
-0.018795
-0.009113
-0.0021034
0.0042707
0.010417
0.012668
0.0080349
-0.0014051
-0.011278
-0.019007
-0.024686
-0.029914
-0.036134
-0.04362
-0.051844
-0.058963
-0.060118
-0.051014
-0.03395
-0.015511
-1.093e-05
0.01264
0.024921
0.036515
0.041724
0.036425
0.024116
0.011245
0.00059041
-0.0091608
-0.020187
-0.031555
-0.03774
-0.034484
-0.024402
-0.013546
-0.0054751
0.00028745
0.0064274
0.015062
0.02614
0.038133
0.04958
0.059948
0.069072
0.073643
0.067479
0.04963
0.026708
0.0056532
-0.011447
-0.026591
-0.042721
-0.06119
-0.080748
-0.098753
-0.1136
-0.12184
-0.11618
-0.094967
-0.066491
-0.040086
-0.018806
-2.86e-05
0.020144
0.043472
0.069281
0.095511
0.11553
0.11847
0.10179
0.075915
0.052667
0.036068
0.022971
0.0084712
-0.009887
-0.031205
-0.049858
-0.057297
-0.051198
-0.038406
-0.027092
-0.020167
-0.016917
-0.017883
-0.023874
-0.032803
-0.041454
-0.048415
-0.054555
-0.061015
-0.066221
-0.066923
-0.062918
-0.05835
-0.057583
-0.061099
-0.066068
-0.06979
-0.071274
-0.070422
-0.067736
-0.063922
-0.057702
-0.046538
-0.030699
-0.013494
0.0011737
0.010827
0.016329
0.020064
0.022935
0.025079
0.026818
0.028422
0.030627
0.034528
0.040756
0.049529
0.059472
0.067199
0.07076
0.071703
0.072897
0.075887
0.079438
0.078177
0.066334
0.04516
0.021598
0.00079706
-0.016038
-0.029179
-0.039596
-0.0487
-0.054916
-0.054475
-0.047613
-0.03851
-0.030508
-0.02439
-0.02131
-0.024786
-0.035894
-0.050635
-0.064495
-0.074348
-0.075929
-0.066601
-0.050432
-0.034961
-0.024351
-0.017855
-0.013375
-0.010252
-0.0082977
-0.0066357
-0.0031144
0.0049558
0.017097
0.029125
0.03709
0.040053
0.040257
0.040868
0.044232
0.052032
0.064139
0.074923
0.073545
0.054834
0.025934
-0.002236
-0.024409
-0.04074
-0.052767
-0.062832
-0.073451
-0.083
-0.085706
-0.079317
-0.06791
-0.056733
-0.049275
-0.048178
-0.053923
-0.063045
-0.071111
-0.076343
-0.07972
-0.08324
-0.088145
-0.093853
-0.098783
-0.10227
-0.10434
-0.10428
-0.10158
-0.097274
-0.090567
-0.075944
-0.049705
-0.016
0.017955
0.048456
0.076513
0.10472
0.12766
0.13059
0.10818
0.072704
0.039564
0.014612
-0.0057978
-0.027542
-0.051904
-0.074965
-0.089881
-0.089693
-0.074623
-0.053377
-0.034551
-0.020535
-0.0085269
0.0051161
0.021633
0.036133
0.038784
0.026073
0.0053187
-0.014111
-0.02852
-0.040359
-0.055711
-0.078524
-0.10334
-0.12005
-0.1259
-0.12468
-0.11938
-0.11206
-0.10463
-0.097701
-0.090669
-0.082818
-0.074303
-0.066144
-0.058996
-0.051094
-0.038342
-0.018905
0.004238
0.026921
0.04742
0.066556
0.086511
0.10816
0.12637
0.13298
0.12753
0.11767
0.11029
0.10618
0.10116
0.091766
0.078464
0.06384
0.051283
0.043744
0.041234
0.040737
0.038886
0.034048
0.026601
0.018307
0.011308
0.0071795
0.0058967
0.0057191
0.0048591
0.0027324
-0.00045021
-0.0043204
-0.0083499
-0.012092
-0.015195
-0.016397
-0.014395
-0.0099516
-0.00521
-0.0019168
-0.00074962
-0.0014917
-0.0034608
-0.0056935
-0.0074311
-0.0091935
-0.012617
-0.018518
-0.025983
-0.03348
-0.040213
-0.046246
-0.052014
-0.058034
-0.064271
-0.068852
-0.069028
-0.064599
-0.057705
-0.049718
-0.040962
-0.031794
-0.022601
-0.014218
-0.0081844
-0.0053755
-0.004788
-0.004482
-0.0033503
-0.0014362
0.0011787
0.0047766
0.009343
0.013734
0.014539
0.0083516
-0.0036524
-0.016309
-0.02507
-0.029275
-0.031495
-0.033586
-0.035133
-0.035628
-0.035345
-0.033762
-0.028898
-0.020099
-0.010103
-0.0023361
0.0023907
0.005813
0.0093677
0.011871
0.011289
0.0077981
0.0034286
-0.00028043
-0.0025825
-0.0023048
0.0010162
0.0055972
0.0089254
0.010196
0.010514
0.011294
0.013164
0.015483
0.01652
0.014926
0.011121
0.0067319
0.0033681
0.0027902
0.0060296
0.011785
0.017651
0.02196
0.024088
0.02451
0.024721
0.026592
0.031169
0.036656
0.038594
0.034686
0.027279
0.019874
0.013335
0.0067201
0.0001983
-0.0054706
-0.010297
-0.013382
-0.012405
-0.0071002
-0.0008787
0.0025597
0.0028045
0.0020851
0.0024415
0.004324
0.0069304
0.009613
0.012722
0.01682
0.021714
0.026734
0.031592
0.03589
0.038198
0.037087
0.033255
0.028945
0.025431
0.022458
0.019152
0.015078
0.010363
0.0045277
-0.0032164
-0.01243
-0.02194
-0.030701
-0.037527
-0.042028
-0.045054
-0.046786
-0.046352
-0.04359
-0.038969
-0.032328
-0.023626
-0.014124
-0.0059701
-0.00041851
0.0032989
0.0069579
0.011672
0.016241
0.017554
0.014007
0.007531
0.0012908
-0.0029912
-0.0055738
-0.0079156
-0.011117
-0.015513
-0.020809
-0.026419
-0.031886
-0.036893
-0.041254
-0.04449
-0.045822
-0.044065
-0.038428
-0.030306
-0.021821
-0.013616
-0.0054593
0.0030601
0.01223
0.020609
0.024259
0.020555
0.011833
0.0027581
-0.0040062
-0.0089318
-0.013879
-0.020019
-0.027527
-0.035372
-0.040282
-0.038836
-0.031658
-0.023221
-0.017773
-0.016047
-0.015801
-0.014628
-0.011788
-0.0085122
-0.0064093
-0.005801
-0.0059329
-0.0058613
-0.005263
-0.0043578
-0.0028851
-0.00047256
0.002658
0.0060418
0.0087986
0.0093297
0.0066023
0.0016155
-0.003522
-0.0076779
-0.010015
-0.0087534
-0.00343
0.0038083
0.010407
0.015567
0.020067
0.024992
0.029801
0.031319
0.027489
0.020215
0.012747
0.0068363
0.0020131
-0.0035044
-0.010952
-0.019959
-0.029282
-0.03759
-0.043801
-0.047841
-0.049992
-0.05023
-0.048954
-0.047279
-0.04582
-0.043446
-0.038574
-0.031407
-0.024287
-0.019644
-0.017702
-0.016732
-0.01483
-0.01125
-0.0067248
-0.0023852
0.0013215
0.0042348
0.00587
0.0058082
0.0045631
0.0032581
0.0024582
0.0020859
0.0016943
0.0012117
0.0016563
0.0040582
0.0080589
0.012304
0.015999
0.019165
0.022176
0.025529
0.028781
0.030143
0.028355
0.024379
0.020174
0.015699
0.008409
-0.0025726
-0.013695
-0.020948
-0.024181
-0.026235
-0.029418
-0.032854
-0.033931
-0.03178
-0.027881
-0.024157
-0.021309
-0.019502
-0.019545
-0.021791
-0.025209
-0.028476
-0.031077
-0.03251
-0.031256
-0.026536
-0.019851
-0.013348
-0.0079627
-0.0032296
0.0010002
0.0030919
0.0015494
-0.0026571
-0.0071578
-0.010603
-0.013205
-0.015792
-0.018185
-0.018814
-0.016891
-0.013452
-0.010044
-0.0074248
-0.0052822
-0.0030194
-0.00044408
0.0018699
0.0030944
0.0032746
0.003121
0.0031786
0.0036121
0.0045392
0.0061383
0.0082812
0.010627
0.012353
0.011668
0.00735
0.00055575
-0.0060558
-0.010613
-0.013167
-0.015111
-0.01779
-0.021555
-0.025743
-0.028914
-0.02957
-0.027715
-0.024962
-0.022778
-0.021448
-0.020442
-0.019391
-0.018779
-0.019324
-0.020933
-0.022791
-0.023838
-0.023331
-0.021628
-0.019823
-0.018554
-0.017751
-0.016997
-0.015483
-0.012237
-0.0075525
-0.0033849
-0.0011717
-0.00049103
6.913e-05
0.0021475
0.0070571
0.014537
0.022772
0.030061
0.035658
0.039899
0.043548
0.045683
0.044299
0.039555
0.033771
0.028682
0.023822
0.017503
0.009028
-0.00070691
-0.010016
-0.017146
-0.021191
-0.022574
-0.022654
-0.022923
-0.023996
-0.025471
-0.02699
-0.029007
-0.032032
-0.035785
-0.039673
-0.04273
-0.043224
-0.040223
-0.035093
-0.029942
-0.025397
-0.020693
-0.015117
-0.0087177
-0.0016913
0.0053854
0.01095
0.014128
0.015894
0.017817
0.020571
0.023149
0.023619
0.021291
0.017427
0.013767
0.010989
0.008741
0.0067843
0.0056315
0.0056941
0.0064922
0.0071096
0.0064913
0.0039802
0.000156
-0.0037505
-0.0070015
-0.0096995
-0.012013
-0.013418
-0.013471
-0.012676
-0.011903
-0.011529
-0.011595
-0.012538
-0.014908
-0.018361
-0.021979
-0.025151
-0.027876
-0.030595
-0.033615
-0.036831
-0.039243
-0.039298
-0.036879
-0.033515
-0.030636
-0.028612
-0.026902
-0.025069
-0.02389
-0.024625
-0.027231
-0.030435
-0.033186
-0.035364
-0.037222
-0.037915
-0.035703
-0.03043
-0.023905
-0.017669
-0.011849
-0.0058506
0.00071151
0.007781
0.015116
0.022502
0.028676
0.030611
0.026724
0.019389
0.012224
0.0069105
0.0028541
-0.0014295
-0.0060691
-0.008841
-0.0077264
-0.0035637
0.0011595
0.0046518
0.0063038
0.0064573
0.0062348
0.0065601
0.0072115
0.0072499
0.0062724
0.0047117
0.003067
0.0013964
-0.00062268
-0.0031534
-0.0059828
-0.0088183
-0.011534
-0.014185
-0.017045
-0.020547
-0.024748
-0.029241
-0.033655
-0.037783
-0.040958
-0.042181
-0.041536
-0.039735
-0.036428
-0.030948
-0.023839
-0.016401
-0.010073
-0.0063399
-0.0053602
-0.0055013
-0.0050678
-0.0035943
-0.0015312
0.00072657
0.0030307
0.0052472
0.0073887
0.0092667
0.0098175
0.0080158
0.0043451
0.0003143
-0.0030544
-0.0054019
-0.0064232
-0.0062291
-0.0056231
-0.0053691
-0.0057788
-0.0069759
-0.0088426
-0.010899
-0.012675
-0.01398
-0.014749
-0.015119
-0.015393
-0.015852
-0.016728
-0.01801
-0.0195
-0.020981
-0.022298
-0.02352
-0.024757
-0.026141
-0.028119
-0.031037
-0.034699
-0.038316
-0.040264
-0.039138
-0.035582
-0.031163
-0.026219
-0.020336
-0.013704
-0.0077548
-0.004383
-0.0038416
-0.0044282
-0.0044424
-0.0033174
-0.001347
0.00085543
0.0026397
0.0030937
0.0014808
-0.0017286
-0.005201
-0.0080183
-0.010235
-0.012442
-0.015129
-0.018377
-0.021894
-0.025338
-0.02796
-0.028198
-0.025153
-0.020031
-0.014925
-0.011106
-0.008802
-0.0073753
-0.0058115
-0.0036141
-0.00097455
0.0016674
0.0035496
0.0037954
0.0023517
0.00017102
-0.0016842
-0.0028716
-0.0036219
-0.0041836
-0.0047299
-0.0053976
-0.0061536
-0.0067389
-0.0068858
-0.0066004
-0.0061456
-0.0057745
-0.0055334
-0.0054158
-0.0054934
-0.0057944
-0.0062026
-0.0065696
-0.0068608
-0.0071714
-0.0078292
-0.0092175
-0.011307
-0.013631
-0.015751
-0.017605
-0.019386
-0.021237
-0.022794
-0.0232
-0.022154
-0.020281
-0.018288
-0.016321
-0.014253
-0.012037
-0.0096645
-0.0071847
-0.0046374
-0.0020777
0.00047741
0.0025979
0.0030732
0.0013039
-0.0018098
-0.0048725
-0.0072113
-0.0088998
-0.010054
-0.010831
-0.011564
-0.012536
-0.013585
-0.014131
-0.013862
-0.013025
-0.012071
-0.01113
-0.010076
-0.008887
-0.0076115
-0.0062694
-0.0049476
-0.0039843
-0.0038478
-0.0045694
-0.005639
-0.0065417
-0.0071289
-0.0074361
-0.0073494
-0.0068823
-0.0062963
-0.0058024
-0.0054695
-0.0051999
-0.0048663
-0.0044887
-0.0044537
-0.0052333
-0.0067151
-0.0083612
-0.00982
-0.011084
-0.01227
-0.013491
-0.014621
-0.015243
-0.015087
-0.014377
-0.013412
-0.011929
-0.0096279
-0.0068144
-0.0039543
-0.0014092
0.00019251
0.00033439
-0.00065153
-0.0018362
-0.0022821
-0.0012399
0.0014184
0.0048592
0.008093
0.010549
0.011354
0.0096625
0.0060876
0.0022273
-0.00084727
-0.0028426
-0.0038198
-0.0041923
-0.0046254
-0.0054939
-0.0067324
-0.008044
-0.0091451
-0.010122
-0.011484
-0.013643
-0.016442
-0.019275
-0.021138
-0.020863
-0.018377
-0.015008
-0.012086
-0.0099473
-0.008193
-0.0066491
-0.0055864
-0.0050965
-0.0049267
-0.0047408
-0.0044228
-0.0040836
-0.0038228
-0.0035704
-0.0028106
-0.0009162
0.0018629
0.004223
0.0049074
0.0039317
0.0024109
0.0013651
0.0009993
0.0009449
0.00073209
0.00018582
-0.00022536
0.00028044
0.0019002
0.0040206
0.0059728
0.0075356
0.0085493
0.0085719
0.0074979
0.0059367
0.0045669
0.0036209
0.0030207
0.0026709
0.002403
0.0020188
0.0015177
0.00097726
0.00047949
-0.00017459
-0.0016926
-0.004501
-0.0080538
-0.011511
-0.014568
-0.017252
-0.01965
-0.021856
-0.024004
-0.026277
-0.028405
-0.029405
-0.028465
-0.026062
-0.023474
-0.021457
-0.019939
-0.018475
-0.016694
-0.014442
-0.011514
-0.0078913
-0.0039513
-0.00031713
0.0021646
0.0031495
0.0032936
0.0035424
0.0043053
0.0054993
0.0071666
0.0094532
0.012174
0.014965
0.017596
0.019685
0.02017
0.018316
0.014968
0.011599
0.0089512
0.0068538
0.0047071
0.0021024
-0.00095875
-0.0042059
-0.0073721
-0.010358
-0.013101
-0.015537
-0.01772
-0.019843
-0.022065
-0.024396
-0.026775
-0.02912
-0.031399
-0.033604
-0.035348
-0.035996
-0.035535
-0.034398
-0.032643
-0.03028
-0.027596
-0.024911
-0.022354
-0.019765
-0.016583
-0.012146
-0.0065695
-0.00061408
0.0049941
0.0095584
0.012615
0.014578
0.016159
0.017268
0.017499
0.017029
0.016356
0.015721
0.014898
0.013348
0.010958
0.0081985
0.0055353
0.0031154
0.00064386
-0.0022852
-0.0057084
-0.0092812
-0.012522
-0.015184
-0.017281
-0.018632
-0.019054
-0.01887
-0.018665
-0.018722
-0.01893
-0.019129
-0.019461
-0.020332
-0.021751
-0.022893
-0.022735
-0.02122
-0.019291
-0.017718
-0.016422
-0.01478
-0.012454
-0.0096814
-0.0068404
-0.0041431
-0.0016156
0.00088397
0.0034578
0.0061316
0.0089337
0.011371
0.012152
0.010457
0.007114
0.0036954
0.0010279
-0.0010617
-0.0029483
-0.0043654
-0.0048263
-0.0045442
-0.0041393
-0.003971
-0.0040217
-0.0040526
-0.0039343
-0.0039075
-0.0043167
-0.0052211
-0.0062631
-0.006923
-0.007061
-0.0069301
-0.0068465
-0.0069568
-0.007186
-0.0073923
-0.0075146
-0.0075359
-0.0076122
-0.008281
-0.0099931
-0.01252
-0.01521
-0.017621
-0.019617
-0.020647
-0.019826
-0.017334
-0.014393
-0.011921
-0.010037
-0.0083452
-0.0063702
-0.0040019
-0.0014926
0.00059819
0.0015824
0.0014305
0.00086309
0.00056375
0.00065429
0.00088096
0.001021
0.00096944
0.00056833
-0.00013913
-0.0018304
-0.003829
-0.0056985
-0.0073505
-0.0089081
-0.010462
-0.011764
-0.012295
-0.012011
-0.011445
-0.011048
-0.010909
-0.010933
-0.011144
-0.011693
-0.012544
-0.013462
-0.014276
-0.015001
-0.015726
-0.01653
-0.017268
-0.017529
-0.017134
-0.016386
-0.015667
-0.015136
-0.014742
-0.014442
-0.014443
-0.014925
-0.015714
-0.016524
-0.017235
-0.017888
-0.018537
-0.018967
-0.018746
-0.017775
-0.016462
-0.015252
-0.01427
-0.013461
-0.012983
-0.013219
-0.014184
-0.015374
-0.016375
-0.017142
-0.017837
-0.01865
-0.019626
-0.020447
-0.020397
-0.019079
-0.016979
-0.014905
-0.01324
-0.011896
-0.010597
-0.0091443
-0.0075115
-0.00586
-0.0044544
-0.0033716
-0.0024698
-0.0015619
-0.00054544
0.00056114
0.0017631
0.0031971
0.004958
0.0069023
0.0088027
0.010585
0.012255
0.013723
0.014941
0.015934
0.016638
0.017002
0.017137
0.017233
0.017386
0.017551
0.017498
0.017013
0.016195
0.015305
0.01454
0.013918
0.013336
0.012701
0.011831
0.010365
0.0081891
0.0056794
0.0032723
0.0011623
-0.00045277
-0.0013289
-0.0015697
-0.0016342
-0.0018885
-0.0023693
-0.0029147
-0.0034557
-0.0040899
-0.0048479
-0.0056653
-0.0064706
-0.0072309
-0.007969
-0.008712
-0.0095563
-0.010712
-0.012281
-0.013894
-0.014933
-0.015212
-0.015076
-0.014964
-0.015025
-0.015118
-0.015105
-0.014968
-0.014757
-0.014541
-0.014365
-0.014226
-0.014105
-0.013966
-0.013849
-0.013935
-0.014379
-0.0151
-0.015861
-0.016535
-0.017168
-0.017862
-0.018664
-0.019515
-0.020352
-0.02115
-0.021902
-0.022628
-0.023218
-0.023372
-0.022954
-0.022237
-0.021579
-0.021091
-0.020723
-0.020348
-0.019795
-0.018847
-0.017398
-0.015672
-0.014003
-0.012589
-0.011478
-0.010579
-0.0098907
-0.0096478
-0.0099245
-0.010436
-0.010875
-0.01117
-0.011397
-0.011656
-0.012003
-0.012417
-0.012883
-0.013434
-0.014073
-0.014731
-0.01534
-0.015899
-0.016424
-0.016774
-0.016674
-0.016076
-0.015267
-0.014569
-0.014194
-0.014182
-0.014339
-0.014425
-0.014371
-0.014227
-0.014089
-0.014032
-0.013959
-0.013617
-0.012844
-0.011788
-0.010727
-0.0098155
-0.0090469
-0.0083109
-0.0076288
-0.0071045
-0.0067292
-0.0064193
-0.0061029
-0.0057586
-0.0054253
-0.0052913
-0.0055967
-0.0063198
-0.0071697
-0.0079083
-0.0084936
-0.0089952
-0.0095134
-0.010097
-0.010712
-0.011312
-0.011791
-0.011818
-0.011112
-0.0098661
-0.0085693
-0.0075233
-0.0067038
-0.0059374
-0.0050954
-0.0041622
-0.0031968
-0.0024055
-0.0021681
-0.0026654
-0.0036101
-0.0045396
-0.0052119
-0.0056933
-0.0061051
-0.0064313
-0.0066214
-0.0066959
-0.0067481
-0.006851
-0.0069789
-0.0070846
-0.0071754
-0.0072987
-0.0075209
-0.0078457
-0.0081877
-0.0084846
-0.0087372
-0.008955
-0.0091684
-0.0093932
-0.0095984
-0.0097381
-0.0097301
-0.0095646
-0.0093461
-0.0091592
-0.0090249
-0.0089136
-0.0087881
-0.0086398
-0.0084837
-0.0082637
-0.0077979
-0.0069744
-0.0059302
-0.0049226
-0.0041201
-0.0036185
-0.0034258
-0.0033899
-0.0033309
-0.0031744
-0.0029365
-0.0026311
-0.002272
-0.0019229
-0.0016888
-0.0017022
-0.0019946
-0.0024191
-0.0027984
-0.0030709
-0.0032819
-0.0035002
-0.0037613
-0.004054
-0.0043504
-0.0046271
-0.0048705
-0.0050681
-0.0052178
-0.0053446
-0.0054742
-0.0056151
-0.0057575
-0.0058905
-0.0060108
-0.0061197
-0.0062552
-0.006486
-0.006833
-0.0072277
-0.0075866
-0.0078631
-0.0080087
-0.0080055
-0.0079231
-0.0078516
-0.0078289
-0.0078392
-0.0078462
-0.0078267
-0.0077903
-0.0077774
-0.0078227
-0.007918
-0.0080217
-0.0081016
-0.0081549
-0.0081951
-0.0082352
-0.0082691
-0.008265
-0.0082068
-0.0081163
-0.0080253
-0.0079475
-0.0078781
-0.0078133
-0.0077515
-0.0076902
-0.007632
-0.0075822
-0.007555
-0.0075673
-0.0076128
-0.0076651
-0.0077038
-0.0077259
-0.0077404
-0.0077555
-0.0077728
-0.0077899
-0.0078029
-0.0078092
-0.0078074
-0.0077974
-0.0077831
-0.0077685
-0.0077549
-0.0077412
-0.0077265
-0.0077101
-0.0076921
-0.0076752
-0.0076677
-0.0076748
-0.0076892
-0.0076946
-0.0076699
-0.0076053
-0.0075199
-0.007444
-0.007392
-0.0073613
-0.0073428
-0.0073285
-0.0073155
-0.0073055
-0.0073008
-0.0073031
-0.0073116
-0.0073247
-0.0073411
-0.0073608
-0.0073853
-0.0074147
-0.0074451
-0.0074726
-0.0074961
-0.0075164
-0.0075351
-0.0075524
-0.0075676
-0.0075804
-0.0075908
-0.0075994
-0.0076066
-0.0076127
-0.0076179
-0.0076226
-0.0076277
-0.0076337
-0.0076407
-0.0076487
