0	0
0.02	-0.00068705
0.04	-0.0014954
0.06	-0.0025576
0.08	-0.0038869
0.1	-0.002524
0.12	-0.00077676
0.14	-0.00086952
0.16	-0.00086952
0.18	-0.0021274
0.2	-0.0041244
0.22	-0.0028828
0.24	-0.0020285
0.26	-0.0023517
0.28	-0.001315
0.3	-0.00041794
0.32	-0.0010693
0.34	-0.00358
0.36	-0.0028063
0.38	-0.0013527
0.4	-0.00062793
0.42	-0.00099898
0.44	-0.0036565
0.46	-0.0040357
0.48	-0.0028705
0.5	0.00098369
0.52	0.0024302
0.54	-0.0024241
0.56	-0.0045484
0.58	-0.0023344
0.6	7.1356e-05
0.62	0.0016473
0.64	0.0009052
0.66	-0.0042946
0.68	-0.0072457
0.7	-0.0027339
0.72	0.0026952
0.74	0.00046585
0.76	-0.0031488
0.78	-0.0043364
0.8	-0.0062997
0.82	-0.0039093
0.84	-0.001897
0.86	-0.0031397
0.88	-0.0058308
0.9	-0.0038644
0.92	0.0030989
0.94	-0.0018573
0.96	-0.0056177
0.98	-0.004419
1	-0.0088502
1.02	-0.0026993
1.04	0.0033394
1.06	-0.0026555
1.08	-0.0091233
1.1	-0.0043863
1.12	0.00088787
1.14	-0.0062253
1.16	-0.0080795
1.18	-0.0060398
1.2	-0.0060234
1.22	-0.0008002
1.24	-0.00066055
1.26	-0.0020754
1.28	-0.0044975
1.3	-0.0072446
1.32	-0.001896
1.34	-0.00045158
1.36	0.0038481
1.38	0.0039072
1.4	-0.002735
1.42	-0.0024577
1.44	0.0058175
1.46	0.013012
1.48	0.0073558
1.5	0.00027217
1.52	-0.0060092
1.54	-0.0035209
1.56	0.00068705
1.58	-0.007629
1.6	-0.015078
1.62	-0.012337
1.64	-0.0074118
1.66	-0.0081957
1.68	-0.01158
1.7	-0.011126
1.72	-0.0098705
1.74	-0.0082773
1.76	-0.0017645
1.78	0.0047166
1.8	0.003629
1.82	-0.0012915
1.84	0.0029409
1.86	0.0056636
1.88	-0.0015423
1.9	-0.010708
1.92	-0.013857
1.94	-0.0090499
1.96	-0.0068369
1.98	-0.0083955
2	-0.011154
2.02	-0.0088848
2.04	0.0023394
2.06	0.0088654
2.08	0.005524
2.1	0.0017421
2.12	0.0051376
2.14	0.011211
2.16	0.012088
2.18	0.010915
2.2	0.0099949
2.22	0.0055525
2.24	-0.0005474
2.26	-0.0071611
2.28	-0.013217
2.3	-0.018568
2.32	-0.019246
2.34	-0.012486
2.36	-0.0069949
2.38	0.0010306
2.4	0.0079021
2.42	0.0033853
2.44	-0.00033333
2.46	0.0033721
2.48	0.0047564
2.5	0.00096024
2.52	-0.0090989
2.54	-0.016793
2.56	-0.011672
2.58	-0.0014332
2.6	-0.0017156
2.62	-0.010181
2.64	-0.012324
2.66	-0.014584
2.68	-0.010851
2.7	-0.0068869
2.72	-0.010116
2.74	-0.010534
2.76	-0.0082314
2.78	0.0016422
2.8	0.01524
2.82	0.015621
2.84	0.0031193
2.86	0.00054434
2.88	0.0033792
2.9	0.00384
2.92	0.0015036
2.94	0.00031498
2.96	0.0045484
2.98	0.0061611
3	0.0032294
3.02	0.00051988
3.04	9.2762e-05
3.06	-0.0063394
3.08	-0.0065545
3.1	-0.001632
3.12	-0.0037513
3.14	-0.011891
3.16	-0.0071305
3.18	0.0010968
3.2	-0.0062773
3.22	-0.012285
3.24	-0.0071009
3.26	0.0033038
3.28	0.0055617
3.3	-0.0016932
3.32	-0.0031713
3.34	0.0043823
3.36	0.0032538
3.38	0.0020428
3.4	-0.0064811
3.42	-0.021867
3.44	-0.016455
3.46	-0.0035331
3.48	-0.00066769
3.5	-0.0002579
3.52	-0.005051
3.54	-0.010248
3.56	0.0015138
3.58	0.015149
3.6	0.012355
3.62	-0.00085219
3.64	-0.0061448
3.66	-0.0019205
3.68	0.0020846
3.7	0.0035596
3.72	-0.0039623
3.74	-0.0034669
3.76	0.00086137
3.78	-0.0063384
3.8	-0.0055392
3.82	0.0080102
3.84	0.013405
3.86	0.004001
3.88	-0.0075668
3.9	-0.007843
3.92	0.0073731
3.94	0.015288
3.96	-0.00095515
3.98	-0.021562
4	-0.023219
4.02	-0.0016677
4.04	0.024742
4.06	0.023661
4.08	-0.0011682
4.1	-0.017485
4.12	-0.0080214
4.14	0.014097
4.16	0.019879
4.18	-0.0027676
4.2	-0.016304
4.22	-0.0037696
4.24	0.0029256
4.26	-0.0056157
4.28	-0.011914
4.3	-0.01012
4.32	-0.005841
4.34	-0.0024924
4.36	0.0024506
4.38	-0.0027819
4.4	-0.00086442
4.42	0.0071458
4.44	0.028972
4.46	0.056502
4.48	0.075614
4.5	0.031328
4.52	-0.064044
4.54	-0.095717
4.56	-0.08585
4.58	-0.07579
4.6	-0.051094
4.62	-0.025075
4.64	0.027301
4.66	0.12161
4.68	0.15521
4.7	0.074045
4.72	-0.015117
4.74	-0.092781
4.76	-0.15821
4.78	-0.17341
4.8	-0.077923
4.82	0.10324
4.84	0.14522
4.86	0.030904
4.88	-0.079451
4.9	-0.083636
4.92	-0.034794
4.94	0.023413
4.96	0.10942
4.98	0.16408
5	0.11072
5.02	0.015357
5.04	-0.096801
5.06	-0.16494
5.08	-0.15794
5.1	-0.053686
5.12	0.096886
5.14	0.12129
5.16	0.0036606
5.18	-0.083441
5.2	-0.060582
5.22	0.01177
5.24	0.072523
5.26	0.05365
5.28	-0.0091692
5.3	-0.019688
5.32	-0.063193
5.34	-0.063981
5.36	0.084366
5.38	0.15174
5.4	0.076734
5.42	-0.044516
5.44	-0.10439
5.46	-0.11373
5.48	-0.062013
5.5	-0.032839
5.52	-0.084996
5.54	-0.11358
5.56	-0.036914
5.58	0.072822
5.6	0.087653
5.62	0.073659
5.64	0.054825
5.66	-0.078833
5.68	-0.14432
5.7	8.5627e-05
5.72	0.11576
5.74	0.080376
5.76	-0.012336
5.78	-0.032045
5.8	0.014794
5.82	0.068164
5.84	-0.026895
5.86	-0.1241
5.88	-0.10638
5.9	-0.097241
5.92	-0.10251
5.94	-0.068618
5.96	0.074364
5.98	0.086514
6	-0.021618
6.02	-0.0080082
6.04	0.094876
6.06	0.14623
6.08	0.12609
6.1	0.089899
6.12	0.08199
6.14	0.046055
6.16	-0.028834
6.18	-0.046347
6.2	-0.10651
6.22	-0.21387
6.24	-0.15595
6.26	-0.010595
6.28	0.022849
6.3	0.026194
6.32	0.027591
6.34	0.039919
6.36	0.049753
6.38	0.054935
6.4	0.059631
6.42	0.064862
6.44	0.041779
6.46	-0.019867
6.48	-0.04494
6.5	-0.056789
6.52	-0.072278
6.54	-0.04212
6.56	0.018546
6.58	0.0030499
6.6	-0.032847
6.62	-0.048753
6.64	-0.010751
6.66	0.058888
6.68	0.076239
6.7	0.013223
6.72	-0.05301
6.74	-0.040691
6.76	-0.043177
6.78	-0.072265
6.8	-0.036029
6.82	0.0403
6.84	0.082871
6.86	0.11427
6.88	0.09676
6.9	0.047829
6.92	0.044949
6.94	0.044083
6.96	0.023436
6.98	0.012075
7	0.03848
7.02	0.018999
7.04	-0.046752
7.06	-0.015168
7.08	0.017563
7.1	0.021531
7.12	-0.025566
7.14	-0.091253
7.16	-0.10436
7.18	-0.070125
7.2	0.017028
7.22	0.035325
7.24	0.034715
7.26	0.028522
7.28	-0.0069388
7.3	-0.030699
7.32	-0.035882
7.34	-0.032089
7.36	-0.035389
7.38	0.04784
7.4	0.15302
7.42	0.17798
7.44	0.11959
7.46	0.051589
7.48	0.05793
7.5	-0.016852
7.52	-0.17148
7.54	-0.19493
7.56	-0.14817
7.58	-0.11192
7.6	-0.13745
7.62	-0.19952
7.64	-0.21104
7.66	-0.16811
7.68	0.035046
7.7	0.19158
7.72	0.20853
7.74	0.22638
7.76	0.20286
7.78	0.034826
7.8	-0.0679
7.82	-0.031753
7.84	0.0018114
7.86	-0.028307
7.88	-0.13381
7.9	-0.13459
7.92	-0.030901
7.94	0.038248
7.96	0.040851
7.98	0.025674
8	0.013877
8.02	0.021371
8.04	0.044377
8.06	0.020358
8.08	-0.029049
8.1	-0.035848
8.12	-0.044748
8.14	-0.056694
8.16	-0.06719
8.18	-0.075675
8.2	-0.042355
8.22	-0.027642
8.24	-0.035776
8.26	-0.057031
8.28	-0.0082599
8.3	0.11057
8.32	0.16527
8.34	0.11903
8.36	0.012206
8.38	-0.10065
8.4	-0.14465
8.42	-0.073569
8.44	-0.048416
8.46	-0.050662
8.48	-0.029386
8.5	0.013507
8.52	0.059774
8.54	0.11862
8.56	0.13809
8.58	0.11754
8.6	0.094433
8.62	0.088775
8.64	0.06554
8.66	-0.040224
8.68	-0.077928
8.7	-0.097384
8.72	-0.069902
8.74	0.12341
8.76	0.21001
8.78	0.11745
8.8	-0.05482
8.82	-0.12723
8.84	-0.031227
8.86	0.098446
8.88	0.21187
8.9	0.21847
8.92	0.1248
8.94	0.0065178
8.96	-0.10325
8.98	-0.14755
9	-0.13554
9.02	-0.054945
9.04	0.017155
9.06	0.014691
9.08	-0.029731
9.1	-0.11575
9.12	-0.17131
9.14	-0.1835
9.16	-0.18496
9.18	-0.17148
9.2	-0.073154
9.22	0.045215
9.24	0.1285
9.26	0.15241
9.28	0.15585
9.3	0.13127
9.32	0.069464
9.34	0.05844
9.36	0.085942
9.38	0.12689
9.4	0.16689
9.42	0.19149
9.44	0.20252
9.46	0.19077
9.48	0.13574
9.5	0.024981
9.52	-0.16336
9.54	-0.23676
9.56	-0.29249
9.58	-0.40111
9.6	-0.50818
9.62	-0.44429
9.64	0.050254
9.66	0.60712
9.68	0.75001
9.7	0.58568
9.72	0.32317
9.74	0.1926
9.76	-0.075515
9.78	-0.65947
9.8	-0.8851
9.82	-0.71207
9.84	-0.36384
9.86	-0.13187
9.88	-0.12002
9.9	-0.022112
9.92	0.22074
9.94	0.24832
9.96	0.045995
9.98	-0.11363
10	-0.14675
10.02	-0.14233
10.04	-0.15388
10.06	-0.089331
10.08	0.031172
10.1	0.12755
10.12	0.16327
10.14	0.17454
10.16	0.2283
10.18	0.27972
10.2	0.041054
10.22	-0.23631
10.24	-0.32578
10.26	-0.23962
10.28	0.040577
10.3	0.32371
10.32	0.31159
10.34	0.1082
10.36	0.069243
10.38	0.11334
10.4	0.085676
10.42	-0.02528
10.44	-0.15425
10.46	-0.23544
10.48	-0.26614
10.5	-0.23079
10.52	-0.072045
10.54	0.0046769
10.56	-0.05733
10.58	-0.14696
10.6	-0.11526
10.62	0.034437
10.64	0.18858
10.66	0.33385
10.68	0.3537
10.7	0.23416
10.72	0.019629
10.74	-0.12614
10.76	-0.077351
10.78	0.083259
10.8	0.13358
10.82	0.054667
10.84	0.016266
10.86	0.030321
10.88	0.090446
10.9	0.11202
10.92	0.065835
10.94	0.022363
10.96	-0.0018318
10.98	-0.057072
11	-0.10345
11.02	-0.091267
11.04	-0.0046595
11.06	0.057516
11.08	0.0219
11.1	-0.031654
11.12	-0.047165
11.14	-0.043015
11.16	-0.037704
11.18	-0.029941
11.2	-0.036306
11.22	-0.0511
11.24	-0.078579
11.26	-0.030832
11.28	0.035754
11.3	0.0056126
11.32	-0.06688
11.34	-0.10708
11.36	-0.072189
11.38	-0.041819
11.4	-0.036749
11.42	-0.037337
11.44	-0.0099745
11.46	0.040365
11.48	0.063789
11.5	0.07291
11.52	0.07168
11.54	0.046462
11.56	0.013885
11.58	0.011259
11.6	0.0064944
11.62	-0.015358
11.64	-0.029425
11.66	0.0013364
11.68	0.02871
11.7	0.010424
11.72	-0.0026249
11.74	0.0079072
11.76	0.032402
11.78	0.049985
11.8	0.070507
11.82	0.061333
11.84	-0.042336
11.86	-0.096616
11.88	-0.070153
11.9	-0.045064
11.92	-0.036133
11.94	-0.0031111
11.96	0.036106
11.98	0.046464
12	0.025779
12.02	-0.0047503
12.04	-0.0044434
12.06	0.022701
12.08	0.036895
12.1	0.037256
12.12	0.0035229
12.14	-0.077041
12.16	-0.10629
12.18	-0.049012
12.2	0.017804
12.22	-0.045637
12.24	-0.12005
12.26	-0.13105
12.28	-0.12984
12.3	-0.078115
12.32	-0.024354
12.34	-0.021451
12.36	-0.03973
12.38	-0.060123
12.4	-0.066636
12.42	-0.065325
12.44	-0.059224
12.46	-0.062174
12.48	-0.079836
12.5	-0.094249
12.52	-0.096849
12.54	-0.089255
12.56	-0.084978
12.58	-0.087556
12.6	-0.088699
12.62	-0.082625
12.64	-0.066295
12.66	0.0025413
12.68	0.054319
12.7	0.052376
12.72	0.024222
12.74	-0.018438
12.76	-0.050827
12.78	-0.067848
12.8	-0.062129
12.82	-0.016472
12.84	0.020195
12.86	0.019429
12.88	0.012329
12.9	0.0073272
12.92	0.014117
12.94	0.028023
12.96	0.046791
12.98	0.054241
13	0.04369
13.02	0.028883
13.04	0.031601
13.06	0.044891
13.08	0.062742
13.1	0.07582
13.12	0.080619
13.14	0.079086
13.16	0.081807
13.18	0.08523
13.2	0.090007
13.22	0.067108
13.24	0.027095
13.26	0.031077
13.28	0.051767
13.3	0.07315
13.32	0.084111
13.34	0.080953
13.36	0.066441
13.38	0.051344
13.4	0.044504
13.42	0.045629
13.44	0.049185
13.46	0.043453
13.48	0.032642
13.5	0.02482
13.52	0.030506
13.54	0.043425
13.56	0.046797
13.58	0.043677
13.6	0.057059
13.62	0.071594
13.64	0.067388
13.66	0.05502
13.68	0.044466
13.7	0.048179
13.72	0.068255
13.74	0.096261
13.76	0.11419
13.78	0.11545
13.8	0.10865
13.82	0.11093
13.84	0.11205
13.86	0.10733
13.88	0.10032
13.9	0.099749
13.92	0.10309
13.94	0.098895
13.96	0.083136
13.98	0.043148
14	-0.015296
14.02	-0.094607
14.04	-0.12946
14.06	-0.12415
14.08	-0.098412
14.1	-0.074008
14.12	-0.066024
14.14	-0.061888
14.16	-0.074867
14.18	-0.097345
14.2	-0.12754
14.22	-0.1521
14.24	-0.16822
14.26	-0.17449
14.28	-0.17127
14.3	-0.16663
14.32	-0.16334
14.34	-0.15127
14.36	-0.12328
14.38	-0.095665
14.4	-0.08287
14.42	-0.077458
14.44	-0.07089
14.46	-0.057213
14.48	-0.026506
14.5	0.0038858
14.52	0.0089154
14.54	0.0029888
14.56	-0.0066779
14.58	-0.011694
14.6	-0.0027299
14.62	0.012252
14.64	0.02998
14.66	0.03644
14.68	0.028453
14.7	-0.025424
14.72	-0.067372
14.74	-0.067214
14.76	-0.038715
14.78	0.003527
14.8	0.017009
14.82	0.018094
14.84	0.013186
14.86	0.017918
14.88	0.024935
14.9	0.036626
14.92	0.04862
14.94	0.059829
14.96	0.067626
14.98	0.068362
15	0.058253
15.02	0.035656
15.04	0.015316
15.06	0.0047258
15.08	0.0066167
15.1	0.021402
15.12	0.044952
15.14	0.065623
15.16	0.071214
15.18	0.051813
15.2	0.013317
15.22	-0.0104
15.24	-0.015418
15.26	-0.0074618
15.28	0.012268
15.3	0.032433
15.32	0.041762
15.34	0.034929
15.36	0.020139
15.38	0.0058919
15.4	-0.0011417
15.42	-0.0062253
15.44	-0.010928
15.46	-0.0088644
15.48	-0.0090887
15.5	-0.015795
15.52	-0.025936
15.54	-0.027176
15.56	-0.015144
15.58	2.1407e-05
15.6	0.010722
15.62	0.0087207
15.64	-0.0042141
15.66	-0.02079
15.68	-0.032354
15.7	-0.032654
15.72	-0.022632
15.74	-0.0096126
15.76	-0.00014169
15.78	-0.0065341
15.8	-0.018781
15.82	-0.028023
15.84	-0.025883
15.86	-0.011737
15.88	0.0063945
15.9	0.021549
15.92	0.01977
15.94	0.0034567
15.96	-0.014499
15.98	-0.026849
16	-0.027895
16.02	-0.021771
16.04	-0.022726
16.06	-0.031634
16.08	-0.03647
16.1	-0.035633
16.12	-0.032399
16.14	-0.023479
16.16	-0.011216
16.18	-0.005053
16.2	-0.016021
16.22	-0.03209
16.24	-0.040895
16.26	-0.040114
16.28	-0.041526
16.3	-0.048388
16.32	-0.059311
16.34	-0.063606
16.36	-0.046932
16.38	-0.023398
16.4	-0.010151
16.42	-0.013588
16.44	-0.016783
16.46	-0.01006
16.48	0.0034393
16.5	0.014636
16.52	0.01518
16.54	0.01235
16.56	0.015267
16.58	0.02412
16.6	0.032943
16.62	0.037253
16.64	0.038613
16.66	0.040643
16.68	0.035573
16.7	0.025472
16.72	0.016098
16.74	0.0097503
16.76	0.0060438
16.78	0.001947
16.8	-0.0060194
16.82	-0.019667
16.84	-0.034364
16.86	-0.048804
16.88	-0.051879
16.9	-0.041362
16.92	-0.029869
16.94	-0.021426
16.96	-0.019415
16.98	-0.017854
17	-0.011453
17.02	-0.0015892
17.04	0.0067543
17.06	0.011437
17.08	0.015436
17.1	0.021322
17.12	0.025606
17.14	0.028993
17.16	0.037103
17.18	0.045639
17.2	0.052186
17.22	0.051074
17.24	0.042149
17.26	0.032632
17.28	0.026145
17.3	0.030123
17.32	0.037171
17.34	0.044343
17.36	0.044107
17.38	0.028091
17.4	0.0052294
17.42	-0.0086687
17.44	-0.0066371
17.46	-0.0078573
17.48	-0.015072
17.5	-0.025924
17.52	-0.037735
17.54	-0.048194
17.56	-0.05729
17.58	-0.065192
17.6	-0.072485
17.62	-0.076875
17.64	-0.071208
17.66	-0.055491
17.68	-0.038767
17.7	-0.02434
17.72	-0.01434
17.74	-0.0044363
17.76	0.0019735
17.78	0.0017462
17.8	0.0044873
17.82	0.011698
17.84	0.016501
17.86	0.018481
17.88	0.016703
17.9	0.0095994
17.92	-0.0019134
17.94	-0.0043089
17.96	0.013261
17.98	0.035917
18	0.048877
18.02	0.048667
18.04	0.044214
18.06	0.037748
18.08	0.031801
18.1	0.024496
18.12	0.013552
18.14	0.012623
18.16	0.023097
18.18	0.037751
18.2	0.045246
18.22	0.038826
18.24	0.026653
18.26	0.014798
18.28	0.0071621
18.3	0.0041305
18.32	0.0040683
18.34	0.011707
18.36	0.017438
18.38	0.011131
18.4	0.0021967
18.42	-0.0067441
18.44	-0.011934
18.46	-0.013659
18.48	-0.012065
18.5	-0.011435
18.52	-0.016945
18.54	-0.023482
18.56	-0.029563
18.58	-0.032409
18.6	-0.035436
18.62	-0.031644
18.64	-0.019086
18.66	-0.0049521
18.68	0.0018267
18.7	-0.0032844
18.72	-0.011508
18.74	-0.012924
18.76	-0.0075291
18.78	-0.0029867
18.8	-0.0021193
18.82	-0.0071162
18.84	-0.014744
18.86	-0.022675
18.88	-0.027118
18.9	-0.027073
18.92	-0.026919
18.94	-0.021481
18.96	-0.011161
18.98	-7.5433e-05
19	0.010913
19.02	0.012755
19.04	0.0036463
19.06	-0.0038104
19.08	-0.0069908
19.1	-0.015265
19.12	-0.026955
19.14	-0.032348
19.16	-0.027082
19.18	-0.025768
19.2	-0.031645
19.22	-0.033949
19.24	-0.03511
19.26	-0.044097
19.28	-0.044874
19.3	-0.03158
19.32	-0.01558
19.34	-0.0087829
19.36	-0.012427
19.38	-0.020637
19.4	-0.030415
19.42	-0.031864
19.44	-0.025374
19.46	-0.014314
19.48	-0.0021906
19.5	0.0097401
19.52	0.019802
19.54	0.022681
19.56	0.011972
19.58	-0.0049195
19.6	-0.019873
19.62	-0.019767
19.64	-0.008264
19.66	0.0073598
19.68	0.023299
19.7	0.033171
19.72	0.03254
19.74	0.021701
19.76	0.012244
19.78	0.0098919
19.8	0.012963
19.82	0.017522
19.84	0.022301
19.86	0.021119
19.88	0.017661
19.9	0.019951
19.92	0.019638
19.94	0.013863
19.96	0.0090418
19.98	0.014574
20	0.027739
20.02	0.036663
20.04	0.032378
20.06	0.021589
20.08	0.015606
20.1	0.010879
20.12	0.012042
20.14	0.019778
20.16	0.02649
20.18	0.023412
20.2	0.014134
20.22	0.0068532
20.24	0.0013558
20.26	-0.0038175
20.28	-0.010355
20.3	-0.014412
20.32	-0.016072
20.34	-0.014158
20.36	-0.0079878
20.38	-0.0022222
20.4	0.0022834
20.42	0.0058787
20.44	0.0091346
20.46	0.011408
20.48	0.0091397
20.5	0.0061906
20.52	0.0057441
20.54	0.0097992
20.56	0.014477
20.58	0.0094832
20.6	0.0011121
20.62	-0.0081417
20.64	-0.012615
20.66	-0.010625
20.68	-0.0056045
20.7	-0.0012762
20.72	-0.0015158
20.74	-0.0055984
20.76	-0.012016
20.78	-0.011805
20.8	-0.0087574
20.82	-0.0090754
20.84	-0.01451
20.86	-0.020514
20.88	-0.025181
20.9	-0.030931
20.92	-0.031694
20.94	-0.024922
20.96	-0.016958
20.98	-0.014692
21	-0.018039
21.02	-0.019719
21.04	-0.021751
21.06	-0.024145
21.08	-0.02483
21.1	-0.024941
21.12	-0.020951
21.14	-0.013515
21.16	-0.0053221
21.18	-0.0027095
21.2	-0.0040133
21.22	-0.0027717
21.24	-0.00095107
21.26	-0.0054913
21.28	-0.0081152
21.3	-0.0020673
21.32	0.0024179
21.34	0.001739
21.36	-0.0075953
21.38	-0.020836
21.4	-0.029356
21.42	-0.026625
21.44	-0.018445
21.46	-0.014048
21.48	-0.013911
21.5	-0.013779
21.52	-0.017615
21.54	-0.023706
21.56	-0.024309
21.58	-0.021976
21.6	-0.018478
21.62	-0.018719
21.64	-0.017846
21.66	-0.014626
21.68	-0.0093812
21.7	-0.00060041
21.72	0.0052222
21.74	0.0038583
21.76	-0.00052192
21.78	-0.00057288
21.8	0.001581
21.82	0.0039429
21.84	0.0030357
21.86	0.0069093
21.88	0.014857
21.9	0.019429
21.92	0.018442
21.94	0.017801
21.96	0.023929
21.98	0.029755
22	0.031066
22.02	0.025979
22.04	0.019143
22.06	0.014481
22.08	0.016284
22.1	0.024565
22.12	0.034701
22.14	0.041835
22.16	0.04466
22.18	0.043065
22.2	0.037734
22.22	0.030833
22.24	0.021808
22.26	0.010142
22.28	-0.001318
22.3	-0.0091397
22.32	-0.0081305
22.34	-0.0015994
22.36	0.0030826
22.38	0.0026993
22.4	0.00076555
22.42	0.00077778
22.44	0.00421
22.46	0.008054
22.48	0.0064149
22.5	0.0005107
22.52	-0.010485
22.54	-0.019813
22.56	-0.023771
22.58	-0.026108
22.6	-0.027253
22.62	-0.024984
22.64	-0.020531
22.66	-0.017947
22.68	-0.016529
22.7	-0.015483
22.72	-0.01141
22.74	-0.0067074
22.76	-0.0016524
22.78	0.0020418
22.8	-0.0010285
22.82	-0.0056279
22.84	-0.0069827
22.86	-0.0077543
22.88	-0.012258
22.9	-0.018156
22.92	-0.017458
22.94	-0.011572
22.96	-0.010906
22.98	-0.014022
23	-0.011135
23.02	-0.00027829
23.04	0.0090907
23.06	0.010273
23.08	0.0073833
23.1	0.0042334
23.12	0.0033782
23.14	0.005422
23.16	0.0067482
23.18	0.0017655
23.2	-0.0056901
23.22	-0.012371
23.24	-0.01717
23.26	-0.020039
23.28	-0.021391
23.3	-0.018356
23.32	-0.01524
23.34	-0.015325
23.36	-0.01761
23.38	-0.01519
23.4	-0.011717
23.42	-0.012532
23.44	-0.013545
23.46	-0.013048
23.48	-0.01154
23.5	-0.0077197
23.52	-0.005421
23.54	-0.0045423
23.56	-0.00065749
23.58	0.0028186
23.6	0.0016881
23.62	-0.0054312
23.64	-0.0076198
23.66	-0.001634
23.68	0.0014709
23.7	0.0027472
23.72	0.0029796
23.74	-0.00011621
23.76	-0.0040571
23.78	-0.0064332
23.8	-0.0050082
23.82	4.4852e-05
23.84	0.00077982
23.86	-0.0054353
23.88	-0.011216
23.9	-0.011963
23.92	-0.0070775
23.94	-0.002262
23.96	0.0012202
23.98	0.0012579
24	0.0014557
24.02	2.6504e-05
24.04	-0.0031397
24.06	-0.0067085
24.08	-0.0077788
24.1	-0.0034618
24.12	-0.00069929
24.14	-0.00051784
24.16	-0.0011733
24.18	-0.0015331
24.2	-0.0042956
24.22	-0.005634
24.24	-0.0066748
24.26	-0.0083333
24.28	-0.0081733
24.3	-0.006209
24.32	-0.0027044
24.34	-0.00034455
24.36	0.0031988
24.38	0.0038053
24.4	0.0010285
24.42	-0.0010112
24.44	0.0013639
24.46	0.0033598
24.48	0.0010815
24.5	0.00014475
24.52	-0.00084709
24.54	-0.0045362
24.56	-0.0065005
24.58	-0.0041376
24.6	-0.0020163
24.62	0.0011651
24.64	0.0063262
24.66	0.013128
24.68	0.015064
24.7	0.010736
24.72	0.0088084
24.74	0.010435
24.76	0.014957
24.78	0.018924
24.8	0.022474
24.82	0.027197
24.84	0.029067
24.86	0.03012
24.88	0.026047
24.9	0.022717
24.92	0.02015
24.94	0.018567
24.96	0.019896
24.98	0.022432
25	0.025317
25.02	0.023741
25.04	0.022529
25.06	0.018441
25.08	0.01551
25.1	0.015586
25.12	0.01748
25.14	0.019192
25.16	0.019748
25.18	0.01863
25.2	0.014439
25.22	0.010155
25.24	0.0084077
25.26	0.00663
25.28	0.0039276
25.3	0.0036391
25.32	0.0029755
25.34	-0.001107
25.36	-0.0050917
25.38	-0.0047238
25.4	-0.0045025
25.42	-0.005578
25.44	-0.008419
25.46	-0.01249
25.48	-0.015758
25.5	-0.016476
25.52	-0.015285
25.54	-0.013864
25.56	-0.013012
25.58	-0.014796
25.6	-0.017996
25.62	-0.022153
25.64	-0.025354
25.66	-0.027276
25.68	-0.025448
25.7	-0.024837
25.72	-0.026781
25.74	-0.030465
25.76	-0.03355
25.78	-0.0336
25.8	-0.031944
25.82	-0.031743
25.84	-0.032041
25.86	-0.031722
25.88	-0.031405
25.9	-0.029874
25.92	-0.0314
25.94	-0.034484
25.96	-0.036304
25.98	-0.038258
26	-0.038409
26.02	-0.037056
26.04	-0.034887
26.06	-0.032975
26.08	-0.033897
26.1	-0.032389
26.12	-0.029313
26.14	-0.026324
26.16	-0.022475
26.18	-0.019114
26.2	-0.019168
26.22	-0.023375
26.24	-0.030144
26.26	-0.034735
26.28	-0.036437
26.3	-0.033315
26.32	-0.027571
26.34	-0.02413
26.36	-0.022538
26.38	-0.020735
26.4	-0.017097
26.42	-0.014778
26.44	-0.015225
26.46	-0.015453
26.48	-0.013454
26.5	-0.0084771
26.52	-0.0041335
26.54	0.0020652
26.56	0.0086656
26.58	0.01132
26.6	0.012388
26.62	0.0095882
26.64	0.0096208
26.66	0.01224
26.68	0.014163
26.7	0.016446
26.72	0.016903
26.74	0.017049
26.76	0.018579
26.78	0.021993
26.8	0.025761
26.82	0.028067
26.84	0.028823
26.86	0.0258
26.88	0.024071
26.9	0.024781
26.92	0.027546
26.94	0.029453
26.96	0.029051
26.98	0.027884
27	0.023077
27.02	0.018842
27.04	0.020188
27.06	0.024808
27.08	0.028456
27.1	0.029116
27.12	0.027313
27.14	0.023161
27.16	0.020073
27.18	0.017661
27.2	0.015031
27.22	0.013056
27.24	0.011976
27.26	0.012325
27.28	0.012958
27.3	0.013761
27.32	0.010896
27.34	0.0059103
27.36	0.0057574
27.38	0.0074781
27.4	0.0076789
27.42	0.0081713
27.44	0.0099653
27.46	0.013378
27.48	0.01577
27.5	0.014507
27.52	0.0084373
27.54	0.0045087
27.56	0.0055708
27.58	0.0054098
27.6	0.007107
27.62	0.0063558
27.64	0.004105
27.66	0.00032314
27.68	-0.0049908
27.7	-0.0079195
27.72	-0.010892
27.74	-0.011465
27.76	-0.011343
27.78	-0.0089032
27.8	-0.00442
27.82	-0.0016269
27.84	-0.0016667
27.86	-0.0030336
27.88	-0.0079348
27.9	-0.013427
27.92	-0.018277
27.94	-0.021332
27.96	-0.021234
27.98	-0.018215
28	-0.014233
28.02	-0.012474
28.04	-0.011924
28.06	-0.012508
28.08	-0.013412
28.1	-0.0124
28.12	-0.010459
28.14	-0.010135
28.16	-0.013527
28.18	-0.018911
28.2	-0.021084
28.22	-0.020941
28.24	-0.018152
28.26	-0.016091
28.28	-0.012214
28.3	-0.012111
28.32	-0.014907
28.34	-0.0167
28.36	-0.017058
28.38	-0.017307
28.4	-0.018864
28.42	-0.016897
28.44	-0.014702
28.46	-0.013923
28.48	-0.016351
28.5	-0.016548
28.52	-0.01419
28.54	-0.0086035
28.56	-0.0046422
28.58	-0.0025759
28.6	-0.002104
28.62	-0.0017819
28.64	-0.0012661
28.66	-0.00042508
28.68	0.0021978
28.7	0.0062232
28.72	0.0090999
28.74	0.0057808
28.76	0.0034444
28.78	0.0033588
28.8	0.0068981
28.82	0.01135
28.84	0.01465
28.86	0.017164
28.88	0.016246
28.9	0.014629
28.92	0.01532
28.94	0.01711
28.96	0.017823
28.98	0.014714
29	0.012779
29.02	0.011591
29.04	0.0085331
29.06	0.002526
29.08	-0.0021937
29.1	-0.0058084
29.12	-0.007946
29.14	-0.0055902
29.16	3.4659e-05
29.18	0.0035617
29.2	0.0035556
29.22	0.0024088
29.24	-0.00080632
29.26	-0.0031478
29.28	-0.0057584
29.3	-0.0056208
29.32	-0.0018226
29.34	0.002209
29.36	0.0035454
29.38	0.0029551
29.4	0.0018644
29.42	0.0019755
29.44	0.00069521
29.46	-0.0043486
29.48	-0.0094088
29.5	-0.0089572
29.52	-0.008474
29.54	-0.0087187
29.56	-0.008946
29.58	-0.0086177
29.6	-0.0052783
29.62	-0.002472
29.64	-0.00059429
29.66	-0.0029521
29.68	-0.008264
29.7	-0.013616
29.72	-0.016246
29.74	-0.014369
29.76	-0.0087503
29.78	-0.0028073
29.8	0.0025311
29.82	0.0019154
29.84	-0.0005423
29.86	0.0012773
29.88	0.0014811
29.9	0.00096942
29.92	-0.0006738
29.94	-0.0022212
29.96	-0.004055
29.98	-0.0059776
30	-0.010907
30.02	-0.014058
30.04	-0.0065872
30.06	0.00080632
30.08	0.0038767
30.1	0.0023089
30.12	-0.0040632
30.14	-0.0083955
30.16	-0.007107
30.18	-0.005002
30.2	0.00073496
30.22	0.0054964
30.24	0.0032181
30.26	-0.00158
30.28	-0.0045148
30.3	-0.0064404
30.32	-0.0068716
30.34	-0.0030357
30.36	0.0022273
30.38	0.0034964
30.4	-0.0023078
30.42	-0.0068471
30.44	-0.0075688
30.46	-0.0076544
30.48	-0.0078461
30.5	-0.0072773
30.52	-0.0039939
30.54	-0.0020469
30.56	0.00071967
30.58	-0.00099286
30.6	-0.0045107
30.62	-0.0029572
30.64	-0.0037594
30.66	-0.0067339
30.68	-0.01075
30.7	-0.012527
30.72	-0.01168
30.74	-0.010911
30.76	-0.01149
30.78	-0.011019
30.8	-0.0097044
30.82	-0.0076993
30.84	-0.0056799
30.86	-0.003684
30.88	-0.0049531
30.9	-0.003158
30.92	-0.0043741
30.94	-0.0096218
30.96	-0.012413
30.98	-0.011012
31	-0.0084312
31.02	-0.0061906
31.04	-0.0026544
31.06	-0.0040561
31.08	-0.0071233
31.1	-0.010585
31.12	-0.012027
31.14	-0.010704
31.16	-0.0089154
31.18	-0.010406
31.2	-0.012655
31.22	-0.013092
31.24	-0.0082446
31.26	-0.0039715
31.28	-0.0020071
31.3	0.00046585
31.32	0.0022385
31.34	0.0042029
31.36	0.0043731
31.38	0.0013354
31.4	-0.003052
31.42	-0.0062793
31.44	-0.0054414
31.46	-0.001104
31.48	0.00013558
31.5	0.0030734
31.52	0.0035963
31.54	0.0022977
31.56	0.0029674
31.58	0.0026718
31.6	0.0029531
31.62	0.0042915
31.64	0.0065708
31.66	0.0073588
31.68	0.0048257
31.7	-0.00089806
31.72	-0.0061753
31.74	-0.0078481
31.76	-0.004896
31.78	-0.0005158
31.8	0.0017829
31.82	0.0022436
31.84	-0.00039348
31.86	-0.0050561
31.88	-0.0077329
31.9	-0.0068889
31.92	-0.0066453
31.94	-0.0076188
31.96	-0.0055138
31.98	-0.0038634
32	-0.0041498
32.02	-0.0048502
32.04	-0.0068287
32.06	-0.0067768
32.08	-0.0046014
32.1	-0.0011111
32.12	0.0022161
32.14	0.0014363
32.16	0.0020408
32.18	0.0034128
32.2	0.0021621
32.22	0.0013507
32.24	-0.00086748
32.26	-0.0036983
32.28	-0.0031356
32.3	0.0018043
32.32	0.0045535
32.34	0.0035454
32.36	-0.00046279
32.38	-0.0025994
32.4	-0.0011315
32.42	0.00073598
32.44	0.0033588
32.46	0.0027941
32.48	0.0027054
32.5	0.0047543
32.52	0.0079674
32.54	0.0090071
32.56	0.010336
32.58	0.01148
32.6	0.0092752
32.62	0.0081448
32.64	0.0085892
32.66	0.0059908
32.68	0.00076656
32.7	-0.00054638
32.72	0.0026371
32.74	0.0020102
32.76	0.00062691
32.78	0.00050459
32.8	-0.00098675
32.82	-0.0021458
32.84	-0.0019602
32.86	-0.00059021
32.88	0.00088379
32.9	0.00121
32.92	-0.00030275
32.94	-0.0011305
32.96	0.0003527
32.98	0.0015311
33	0.0041091
33.02	0.0060968
33.04	0.0066769
33.06	0.0056799
33.08	0.0056157
33.1	0.0064281
33.12	0.0048135
33.14	0.0036453
33.16	0.0011142
33.18	0.00044037
33.2	-0.0022599
33.22	-0.0015168
33.24	0.00060245
33.26	0.0021295
33.28	0.002263
33.3	0.0011264
33.32	0.00067584
33.34	-0.0010183
33.36	-0.00018858
33.38	-0.0016504
33.4	-0.0017125
33.42	-0.00073089
33.44	0.00060958
33.46	-9.7859e-05
33.48	-0.0030122
33.5	-0.0057492
33.52	-0.0080765
33.54	-0.011002
33.56	-0.0095087
33.58	-0.0068991
33.6	-0.006945
33.62	-0.00663
33.64	-0.0065127
33.66	-0.0056402
33.68	-0.0081417
33.7	-0.0099817
33.72	-0.014388
33.74	-0.016198
33.76	-0.01503
33.78	-0.012715
33.8	-0.011826
33.82	-0.014191
33.84	-0.016287
33.86	-0.019373
33.88	-0.021674
33.9	-0.020495
33.92	-0.017824
33.94	-0.016736
33.96	-0.017181
33.98	-0.019872
34	-0.020063
34.02	-0.01757
34.04	-0.014693
34.06	-0.012266
34.08	-0.011053
34.1	-0.0085708
34.12	-0.0080622
34.14	-0.0079562
34.16	-0.0067564
34.18	-0.0057258
34.2	-0.0031417
34.22	-0.0034822
34.24	-0.00284
34.26	-0.003213
34.28	-0.0039052
34.3	-0.003001
34.32	-0.0012273
34.34	-0.00036901
34.36	-0.00040061
34.38	0.0016259
34.4	0.0014383
34.42	0.00056167
34.44	0.0021509
34.46	0.0037197
34.48	0.0045209
34.5	0.0082273
34.52	0.0095494
34.54	0.0087982
34.56	0.0096096
34.58	0.0085066
34.6	0.0060265
34.62	0.0041172
34.64	0.0030744
34.66	0.0043344
34.68	0.0054608
34.7	0.0059062
34.72	0.0062691
34.74	0.0064638
34.76	0.0066728
34.78	0.0068675
34.8	0.0057992
34.82	0.0051244
34.84	0.0030306
34.86	0.00064016
34.88	-0.00082569
34.9	-0.002419
34.92	-0.001371
34.94	0.0010622
34.96	0.00083486
34.98	-0.001737
35	-0.0012141
35.02	0.0011356
35.04	0.0018614
35.06	0.00069623
35.08	-0.0018746
35.1	-0.0052008
35.12	-0.0064424
35.14	-0.0070632
35.16	-0.0059755
35.18	-0.005735
35.2	-0.0055443
35.22	-0.0048135
35.24	-0.0072793
35.26	-0.009052
35.28	-0.010961
35.3	-0.010362
35.32	-0.0076616
35.34	-0.0061947
35.36	-0.006735
35.38	-0.007264
35.4	-0.0060785
35.42	-0.004526
35.44	-0.0030968
35.46	-0.0026483
35.48	-0.0038532
35.5	-0.0028919
35.52	-0.0039592
35.54	-0.0047238
35.56	-0.0026422
35.58	-0.0038257
35.6	-0.005103
35.62	-0.0069205
35.64	-0.0068685
35.66	-0.0057543
35.68	-0.0038165
35.7	-0.0023435
35.72	-0.0024811
35.74	-0.0026055
35.76	-0.0027941
35.78	-0.0017085
35.8	-0.00060958
35.82	-0.0022324
35.84	-0.0031682
35.86	-0.0022212
35.88	-0.0014842
35.9	0.00057798
35.92	-0.0028063
35.94	-0.0059643
35.96	-0.0051855
35.98	-0.0024822
36	-0.00062895
36.02	-9.9898e-05
36.04	-0.0010734
36.06	-0.0038287
36.08	-0.0051855
36.1	-0.005578
36.12	-0.0019551
36.14	-0.001002
36.16	-0.0009633
36.18	-0.0020357
36.2	-0.0025148
36.22	-0.00064934
36.24	0.0018542
36.26	0.0036504
36.28	0.004685
36.3	0.004946
36.32	0.0042752
36.34	0.0058675
36.36	0.0083384
36.38	0.0088869
36.4	0.0084628
36.42	0.0077421
36.44	0.0069072
36.46	0.0067411
36.48	0.0070326
36.5	0.0076922
36.52	0.0066616
36.54	0.0049847
36.56	0.0046096
36.58	0.0025739
36.6	-0.00036188
36.62	-0.00060245
36.64	-0.00028746
36.66	0.0012579
36.68	0.0016585
36.7	0.00014271
36.72	-0.001053
36.74	-0.00075943
36.76	0.00042508
36.78	-1.4271e-05
36.8	-0.0012355
36.82	-0.0015005
36.84	-0.0014648
36.86	-0.0031764
36.88	-0.0049348
36.9	-0.0034924
36.92	-0.0015331
36.94	-0.00027319
36.96	0.00013252
36.98	-0.0010601
37	-0.0013761
37.02	-0.00019878
37.04	-0.00090316
37.06	-0.002894
37.08	-0.0039327
37.1	-0.0024108
37.12	-0.001157
37.14	0.00024465
37.16	0.0017217
37.18	-0.00044037
37.2	-0.0027146
37.22	-0.0041315
37.24	-0.0033884
37.26	-0.0032589
37.28	-0.0039684
37.3	-0.0048899
37.32	-0.0050163
37.34	-0.0057635
37.36	-0.0056351
37.38	-0.0063303
37.4	-0.0091437
37.42	-0.010716
37.44	-0.011568
37.46	-0.01162
37.48	-0.010209
37.5	-0.005735
37.52	-0.0037452
37.54	-0.0038665
37.56	-0.0048624
37.58	-0.0071651
37.6	-0.0075688
37.62	-0.0057717
37.64	-0.0041325
37.66	-0.0021733
37.68	-0.0026442
37.7	-0.002317
37.72	-0.0029684
37.74	-0.00558
37.76	-0.0042548
37.78	-0.0021713
37.8	-0.0018349
37.82	-0.00094088
37.84	-0.00098675
37.86	-0.00137
37.88	-0.0011713
37.9	-0.0004261
37.92	-8.6646e-05
37.94	-0.0028981
37.96	-0.0021498
37.98	-0.00086544
38	-0.00053313
38.02	-0.0017564
38.04	-0.0050398
38.06	-0.0089653
38.08	-0.009262
38.1	-0.0071865
38.12	-0.004423
38.14	-0.0017696
38.16	-0.0018899
38.18	-0.0015923
38.2	-0.0013007
38.22	-0.0015454
38.24	-0.0035729
38.26	-0.006843
38.28	-0.0094241
38.3	-0.0089113
38.32	-0.0078389
38.34	-0.0069969
38.36	-0.0067798
38.38	-0.0067085
38.4	-0.007577
38.42	-0.0091702
38.44	-0.0082885
38.46	-0.0083537
38.48	-0.0093843
38.5	-0.0085331
38.52	-0.007789
38.54	-0.008157
38.56	-0.008211
38.58	-0.0073965
38.6	-0.0058828
38.62	-0.0054475
38.64	-0.0045494
38.66	-0.0058797
38.68	-0.0076228
38.7	-0.0063884
38.72	-0.0057554
38.74	-0.0048716
38.76	-0.0033445
38.78	-0.0051631
38.8	-0.006002
38.82	-0.0044047
38.84	-0.0032661
38.86	-0.0036738
38.88	-0.0046891
38.9	-0.0054067
38.92	-0.0073466
38.94	-0.0072039
38.96	-0.0070917
38.98	-0.0074648
39	-0.0055403
39.02	-0.0061233
39.04	-0.0085607
39.06	-0.0092559
39.08	-0.00963
39.1	-0.0079929
39.12	-0.0061876
39.14	-0.004737
39.16	-0.002473
39.18	-0.00067278
39.2	0.00049643
39.22	0.0006208
39.24	5.0968e-05
39.26	2.6504e-05
39.28	-0.00073598
39.3	-0.00033435
39.32	0.001581
39.34	0.0020163
39.36	0.0019429
39.38	0.0039174
39.4	0.0050469
39.42	0.0039174
39.44	0.0035484
39.46	0.0037023
39.48	0.0025443
39.5	0.0042946
39.52	0.0044485
39.54	0.0022875
39.56	0.0003578
39.58	-0.001842
39.6	-0.0030744
39.62	-0.0053435
39.64	-0.0058216
39.66	-0.0058196
39.68	-0.0063344
39.7	-0.0067176
39.72	-0.0057554
39.74	-0.0043751
39.76	-0.0021927
39.78	-0.0010785
39.8	-0.0010642
39.82	-0.00096228
39.84	2.0387e-05
39.86	0.00030377
39.88	-0.00022324
39.9	-0.00047706
39.92	0.00035576
39.94	0.00013761
39.96	2.3445e-05
39.98	0.0012783
40	0.0024485
40.02	0.0033853
40.04	0.0023965
40.06	0.0043017
40.08	0.0057044
40.1	0.0069205
40.12	0.0068379
40.14	0.0050479
40.16	0.0049256
40.18	0.0053904
40.2	0.0041733
40.22	0.0034383
40.24	0.0044811
40.26	0.0038726
40.28	0.0025015
40.3	0.0010968
40.32	0.00027523
40.34	-0.00016412
40.36	-0.00064016
40.38	-0.00056881
40.4	0.00037309
40.42	0.0020479
40.44	0.0022701
40.46	0.0045678
40.48	0.0040785
40.5	0.0021335
40.52	0.0015097
40.54	-0.0016911
40.56	-0.0016524
40.58	-0.0011152
40.6	0.0012834
40.62	0.0011478
40.64	-0.00083384
40.66	-0.0016769
40.68	-0.0033262
40.7	-0.0017523
40.72	0.00030275
40.74	0.0014944
40.76	0.0018787
40.78	0.0020897
40.8	0.0017594
40.82	0.0015566
40.84	0.0020418
40.86	0.001422
40.88	0.0011774
40.9	0.0028155
40.92	0.0047125
40.94	0.0045199
40.96	0.0026157
40.98	0.001528
41	-0.00010296
41.02	-0.0023129
41.04	-0.0031274
41.06	-0.003
41.08	-0.0043761
41.1	-0.0049368
41.12	-0.0047533
41.14	-0.0045494
41.16	-0.0037176
41.18	-0.0033609
41.2	-0.0029725
41.22	-0.0029297
41.24	-0.0017778
41.26	-0.0035097
41.28	-0.005314
41.3	-0.0050234
41.32	-0.0051672
41.34	-0.0050917
41.36	-0.0050347
41.38	-0.0055678
41.4	-0.0095973
41.42	-0.01217
41.44	-0.010419
41.46	-0.0081753
41.48	-0.008527
41.5	-0.0081692
41.52	-0.0079001
41.54	-0.0088542
41.56	-0.0075912
41.58	-0.0079327
41.6	-0.0081651
41.62	-0.0078665
41.64	-0.0075158
41.66	-0.0064577
41.68	-0.0057003
41.7	-0.0049123
41.72	-0.0038073
41.74	-0.0028532
41.76	-0.0024597
41.78	-0.00088889
41.8	-0.00023445
41.82	-0.00056167
41.84	-0.00029358
41.86	-0.0017808
41.88	-0.0017513
41.9	1.5291e-05
41.92	-0.0010805
41.94	-0.0039674
41.96	-0.0053313
41.98	-0.0054832
42	-0.0062926
42.02	-0.0060469
42.04	-0.0058981
42.06	-0.0064709
42.08	-0.0049857
42.1	-0.0044159
42.12	-0.0051886
42.14	-0.0041081
42.16	-0.0020775
42.18	-0.00137
42.2	-0.0032487
42.22	-0.0047258
42.24	-0.0067034
42.26	-0.0068257
42.28	-0.0079235
42.3	-0.008419
42.32	-0.0073741
42.34	-0.0072161
42.36	-0.007106
42.38	-0.0081019
42.4	-0.0087604
42.42	-0.009998
42.44	-0.011331
42.46	-0.011948
42.48	-0.011454
42.5	-0.01019
42.52	-0.0084924
42.54	-0.0081621
42.56	-0.0075199
42.58	-0.007156
42.6	-0.0074434
42.62	-0.0065973
42.64	-0.0065107
42.66	-0.0049888
42.68	-0.0054006
42.7	-0.0047299
42.72	-0.0043129
42.74	-0.0061019
42.76	-0.0073731
42.78	-0.0074801
42.8	-0.0062283
42.82	-0.0042426
42.84	-0.0018981
42.86	-0.001685
42.88	-0.0032528
42.9	-0.0022569
42.92	-0.0010469
42.94	0.00021713
42.96	0.00071356
42.98	0.00066055
43	0.0021356
43.02	0.0013231
43.04	0.0027482
43.06	0.0021672
43.08	0.0011386
43.1	0.0018889
43.12	0.00077166
43.14	-0.00018145
43.16	0.00025076
43.18	-0.00020082
43.2	-0.001262
43.22	-0.0024363
43.24	-0.0030703
43.26	-0.0027227
43.28	-0.0023405
43.3	-0.0017768
43.32	-0.0028777
43.34	-0.0046137
43.36	-0.0057197
43.38	-0.005526
43.4	-0.0061417
43.42	-0.0060173
43.44	-0.0041906
43.46	-0.003524
43.48	-0.0034261
43.5	-0.0024587
43.52	-0.00074108
43.54	-0.00010194
43.56	-0.00012538
43.58	1.0194e-06
43.6	-0.0015749
43.62	-0.0030642
43.64	-0.0028094
43.66	-0.0019072
43.68	-0.0022406
43.7	0.00027931
43.72	0.002001
43.74	0.00096534
43.76	0.00076453
43.78	-0.00034455
43.8	-0.00015596
43.82	0.00029562
43.84	0.001735
43.86	0.0020112
43.88	0.0014862
43.9	0.0025668
43.92	0.0042895
43.94	0.0060907
43.96	0.0081009
43.98	0.0098899
44	0.010272
44.02	0.0086473
44.04	0.0069297
44.06	0.0068084
44.08	0.0059735
44.1	0.0061498
44.12	0.0060897
44.14	0.0059623
44.16	0.0079256
44.18	0.0089123
44.2	0.0088858
44.22	0.009105
44.24	0.0086983
44.26	0.0073262
44.28	0.0059745
44.3	0.0061957
44.32	0.0071865
44.34	0.0057217
44.36	0.0041519
44.38	0.0030449
44.4	0.0013221
44.42	0.0013109
44.44	0.0011019
44.46	0.00086646
44.48	0.00068298
44.5	0.0012691
44.52	0.00098981
44.54	-0.00046687
44.56	5.5046e-05
44.58	0.00029867
44.6	-0.00063099
44.62	-0.0012487
44.64	-0.0012059
44.66	-0.0011376
44.68	-0.0009368
44.7	-0.00064016
44.72	-0.00018756
44.74	0.0010815
44.76	0.00073089
44.78	-0.0011274
44.8	-0.00038532
44.82	4.2813e-05
44.84	-0.0013333
44.86	-0.001947
44.88	-0.0029664
44.9	-0.0017064
44.92	-0.0015413
44.94	-0.003105
44.96	-0.0029093
44.98	-0.0032773
45	-0.005316
45.02	-0.0064526
45.04	-0.0060347
45.06	-0.005209
45.08	-0.0050785
45.1	-0.0044108
45.12	-0.0042518
45.14	-0.0038481
45.16	-0.0027288
45.18	-0.0020999
45.2	-0.0027329
45.22	-0.0051957
45.24	-0.0067278
45.26	-0.008474
45.28	-0.0096014
45.3	-0.008894
45.32	-0.0067156
45.34	-0.0060836
45.36	-0.0066972
45.38	-0.0067411
45.4	-0.0070581
45.42	-0.0074302
45.44	-0.0073374
45.46	-0.0073568
45.48	-0.0081315
45.5	-0.0089827
45.52	-0.0086789
45.54	-0.009792
45.56	-0.010325
45.58	-0.010656
45.6	-0.011488
45.62	-0.012209
45.64	-0.012067
45.66	-0.01196
45.68	-0.011624
45.7	-0.011059
45.72	-0.011956
45.74	-0.011653
45.76	-0.011529
45.78	-0.0099337
45.8	-0.0089684
45.82	-0.0090836
45.84	-0.0091764
45.86	-0.010817
45.88	-0.012535
45.9	-0.011424
45.92	-0.0091498
45.94	-0.0075117
45.96	-0.0057992
45.98	-0.005316
46	-0.004211
46.02	-0.0047238
46.04	-0.0054139
46.06	-0.0054832
46.08	-0.0056534
46.1	-0.0049123
46.12	-0.0054383
46.14	-0.0059786
46.16	-0.0052732
46.18	-0.0054169
46.2	-0.0043374
46.22	-0.0028828
46.24	-0.002579
46.26	-0.0030071
46.28	-0.0045831
46.3	-0.0048063
46.32	-0.003629
46.34	-0.003106
46.36	-0.0025464
46.38	-0.0019878
46.4	-0.0020938
46.42	-0.0027859
46.44	-0.0040571
46.46	-0.0046473
46.48	-0.0064638
46.5	-0.005212
46.52	-0.0043119
46.54	-0.0065433
46.56	-0.0070163
46.58	-0.0074659
46.6	-0.006948
46.62	-0.0074903
46.64	-0.0063823
46.66	-0.0058919
46.68	-0.0058879
46.7	-0.003156
46.72	-0.0025311
46.74	-0.0018349
46.76	-0.0019704
46.78	-0.00062487
46.8	0.00018654
46.82	0.00023547
46.84	0.0016137
46.86	0.0019164
46.88	0.003104
46.9	0.0040163
46.92	0.0058828
46.94	0.0061019
46.96	0.0068298
46.98	0.0071621
47	0.006895
47.02	0.0067513
47.04	0.006158
47.06	0.0057339
47.08	0.005788
47.1	0.0075301
47.12	0.0068746
47.14	0.0073089
47.16	0.0083384
47.18	0.0088716
47.2	0.0087125
47.22	0.0095097
47.24	0.009208
47.26	0.0084638
47.28	0.0084822
47.3	0.0088818
47.32	0.008947
47.34	0.0088135
47.36	0.0089317
47.38	0.0087136
47.4	0.0085056
47.42	0.0081743
47.44	0.0084332
47.46	0.0084648
47.48	0.0098012
47.5	0.011392
47.52	0.011049
47.54	0.0082467
47.56	0.006945
47.58	0.0052508
47.6	0.00416
47.62	0.0021448
47.64	-0.00014985
47.66	-0.0017941
47.68	-0.0021386
47.7	-0.0019113
47.72	-0.0010153
47.74	-0.00041998
47.76	-0.00079613
47.78	-0.00065341
47.8	-0.0020194
47.82	-0.0018155
47.84	-0.0018919
47.86	-0.0018787
47.88	-0.002475
47.9	-0.0019052
47.92	-0.0030826
47.94	-0.0044771
47.96	-0.0040489
47.98	-0.004156
48	-0.0044465
48.02	-0.004526
48.04	-0.0060612
48.06	-0.0071101
48.08	-0.0075301
48.1	-0.0086799
48.12	-0.0095382
48.14	-0.012242
48.16	-0.01359
48.18	-0.014982
48.2	-0.015866
48.22	-0.01531
48.24	-0.015081
48.26	-0.016027
48.28	-0.015964
48.3	-0.016331
48.32	-0.016286
48.34	-0.01553
48.36	-0.014944
48.38	-0.015797
48.4	-0.01702
48.42	-0.017207
48.44	-0.018144
48.46	-0.017954
48.48	-0.016416
48.5	-0.01557
48.52	-0.015257
48.54	-0.01521
48.56	-0.015516
48.58	-0.015201
48.6	-0.013651
48.62	-0.01308
48.64	-0.012337
48.66	-0.011226
48.68	-0.011487
48.7	-0.010676
48.72	-0.011646
48.74	-0.01104
48.76	-0.0074373
48.78	-0.0053191
48.8	-0.0036259
48.82	-0.0028196
48.84	-0.003945
48.86	-0.0062864
48.88	-0.0074343
48.9	-0.0065963
48.92	-0.0052181
48.94	-0.0036371
48.96	-0.0027054
48.98	-0.001894
49	-0.0017982
49.02	-0.0010449
49.04	-0.0012365
49.06	-0.0022334
49.08	-0.0025291
49.1	-0.0021407
49.12	-0.0025759
49.14	-0.0022436
49.16	-0.00036493
49.18	-0.00019164
49.2	-4.0775e-06
49.22	0.0013802
49.24	0.001682
49.26	0.0012966
49.28	0.00030989
49.3	0.00073089
49.32	0.0021662
49.34	0.0031376
49.36	0.0024526
49.38	0.0019327
49.4	0.0027431
49.42	0.0023191
49.44	0.003578
49.46	0.0044577
49.48	0.0048542
49.5	0.0069898
49.52	0.0067982
49.54	0.0058777
49.56	0.0060153
49.58	0.0059409
49.6	0.0060591
49.62	0.0060591
49.64	0.0060612
49.66	0.0056381
49.68	0.0061284
49.7	0.0079215
49.72	0.0087503
49.74	0.0084159
49.76	0.0082192
49.78	0.008105
49.8	0.0081702
49.82	0.0084169
49.84	0.0087105
49.86	0.00784
49.88	0.0074363
49.9	0.0086065
49.92	0.010309
49.94	0.0097176
49.96	0.0091957
49.98	0.0088135
50	0.010383
50.02	0.011251
50.04	0.011141
50.06	0.012008
50.08	0.010161
50.1	0.0088012
50.12	0.006474
50.14	0.0051998
50.16	0.0051774
50.18	0.0051825
50.2	0.0039562
50.22	0.0026453
50.24	0.0029399
50.26	0.002842
50.28	0.0039399
50.3	0.0037278
50.32	0.0030703
50.34	0.0014985
50.36	0.00090928
50.38	0.00051682
50.4	-0.0012905
50.42	-0.0014016
50.44	-0.0020846
50.46	-0.0033109
50.48	-0.0048298
50.5	-0.0044047
50.52	-0.0048705
50.54	-0.0055535
50.56	-0.0065647
50.58	-0.0081448
50.6	-0.0089613
50.62	-0.0090459
50.64	-0.0091019
50.66	-0.0079623
50.68	-0.0084822
50.7	-0.0092569
50.72	-0.0094108
50.74	-0.010375
50.76	-0.011081
50.78	-0.012389
50.8	-0.012857
50.82	-0.013359
50.84	-0.013017
50.86	-0.013715
50.88	-0.01468
50.9	-0.015052
50.92	-0.01555
50.94	-0.015709
50.96	-0.016903
50.98	-0.016903
51	-0.015687
51.02	-0.015709
51.04	-0.015089
51.06	-0.015168
51.08	-0.016049
51.1	-0.015844
51.12	-0.016374
51.14	-0.018011
51.16	-0.018584
51.18	-0.018254
51.2	-0.019158
51.22	-0.019886
51.24	-0.018785
51.26	-0.019122
51.28	-0.017531
51.3	-0.015663
51.32	-0.015409
51.34	-0.013066
51.36	-0.011791
51.38	-0.010806
51.4	-0.010747
51.42	-0.011032
51.44	-0.011173
51.46	-0.011304
51.48	-0.011048
51.5	-0.010437
51.52	-0.0083792
51.54	-0.0082487
51.56	-0.0081193
51.58	-0.0068614
51.6	-0.005317
51.62	-0.0053527
51.64	-0.0038135
51.66	-0.00237
51.68	-0.0018685
51.7	0.00035066
51.72	-8.8685e-05
51.74	-0.0008634
51.76	-0.0015647
51.78	-0.0016412
51.8	-0.00043629
51.82	0.00075025
51.84	0.0017482
51.86	0.0035984
51.88	0.005208
51.9	0.0058777
51.92	0.0085943
51.94	0.0089154
51.96	0.0083588
51.98	0.0089378
52	0.0092202
52.02	0.0097431
52.04	0.0098828
52.06	0.010607
52.08	0.010941
52.1	0.011419
52.12	0.010939
52.14	0.010849
52.16	0.011438
52.18	0.011114
52.2	0.010499
52.22	0.011076
52.24	0.01091
52.26	0.0090754
52.28	0.0088379
52.3	0.010741
52.32	0.013192
52.34	0.01351
52.36	0.012152
52.38	0.010602
52.4	0.010463
52.42	0.01113
52.44	0.011152
52.46	0.012515
52.48	0.01265
52.5	0.012801
52.52	0.012729
52.54	0.011148
52.56	0.011013
52.58	0.011882
52.6	0.011565
52.62	0.0095943
52.64	0.0075433
52.66	0.0073231
52.68	0.0070999
52.7	0.0089032
52.72	0.0099103
52.74	0.0073578
52.76	0.0042365
52.78	0.0038848
52.8	0.0045076
52.82	0.0036493
52.84	0.0026361
52.86	0.00028135
52.88	-0.0011468
52.9	-0.0017329
52.92	-0.0018145
52.94	-0.0020826
52.96	-0.0023914
52.98	-0.0020989
53	-0.0027329
53.02	-0.0026014
53.04	-0.0024098
53.06	-0.0042497
53.08	-0.0053609
53.1	-0.0042294
53.12	-0.006578
53.14	-0.0070071
53.16	-0.0061009
53.18	-0.0064393
53.2	-0.007209
53.22	-0.0073547
53.24	-0.0069021
53.26	-0.0081611
53.28	-0.0090306
53.3	-0.0097166
53.32	-0.010202
53.34	-0.010677
53.36	-0.010845
53.38	-0.010478
53.4	-0.0097503
53.42	-0.010467
53.44	-0.011066
53.46	-0.012072
53.48	-0.012615
53.5	-0.012056
53.52	-0.012344
53.54	-0.012667
53.56	-0.012873
53.58	-0.012964
53.6	-0.012557
53.62	-0.013579
53.64	-0.015231
53.66	-0.015393
53.68	-0.016197
53.7	-0.0159
53.72	-0.014196
53.74	-0.013589
53.76	-0.012305
53.78	-0.012135
53.8	-0.012218
53.82	-0.013175
53.84	-0.012614
53.86	-0.013062
53.88	-0.013491
53.9	-0.012989
53.92	-0.0132
53.94	-0.01397
53.96	-0.015209
53.98	-0.013756
54	-0.013003
54.02	-0.01213
54.04	-0.013266
54.06	-0.013062
54.08	-0.012472
54.1	-0.011753
54.12	-0.010059
54.14	-0.0099042
54.16	-0.0095158
54.18	-0.0090438
54.2	-0.0095973
54.22	-0.0095229
54.24	-0.0079674
54.26	-0.0077319
54.28	-0.0080082
54.3	-0.0065464
54.32	-0.0047625
54.34	-0.0042283
54.36	-0.0047645
54.38	-0.0041978
54.4	-0.0044149
54.42	-0.0043456
54.44	-0.0024047
54.46	-0.0015219
54.48	-0.00055759
54.5	0.0002314
54.52	0.0013802
54.54	0.0011274
54.56	0.001475
54.58	0.0036106
54.6	0.0055097
54.62	0.0066697
54.64	0.0073129
54.66	0.0081753
54.68	0.0070061
54.7	0.0064679
54.72	0.0067074
54.74	0.0065657
54.76	0.0066799
54.78	0.0074771
54.8	0.0088063
54.82	0.0087635
54.84	0.0089256
54.86	0.008894
54.88	0.0072559
54.9	0.0086412
54.92	0.0089521
54.94	0.0076606
54.96	0.0072732
54.98	0.0073476
55	0.0078114
55.02	0.006581
55.04	0.0071814
55.06	0.0061468
55.08	0.0051366
55.1	0.0056075
55.12	0.0042915
55.14	0.0035678
55.16	0.0037278
55.18	0.003631
55.2	0.0040938
55.22	0.0035821
55.24	0.0035627
55.26	0.0041182
55.28	0.004208
55.3	0.0048165
55.32	0.0037513
55.34	0.0029113
55.36	0.0014567
55.38	0.0015515
55.4	0.0011876
55.42	-0.00032416
55.44	0.00038226
55.46	-0.000421
55.48	-0.0011641
55.5	-0.00092762
55.52	-0.00049847
55.54	-0.00099592
55.56	-0.0018257
55.58	-0.0025576
55.6	-0.0043078
55.62	-0.0049083
55.64	-0.0051101
55.66	-0.0054526
55.68	-0.0049317
55.7	-0.0045423
55.72	-0.0037574
55.74	-0.004314
55.76	-0.0054159
55.78	-0.0064913
55.8	-0.0067156
55.82	-0.0074485
55.84	-0.008791
55.86	-0.0087686
55.88	-0.0085892
55.9	-0.0070673
55.92	-0.0058165
55.94	-0.0053445
55.96	-0.0050438
55.98	-0.0054873
56	-0.0051814
56.02	-0.005211
56.04	-0.0053252
56.06	-0.0054913
56.08	-0.006629
56.1	-0.0063394
56.12	-0.0067757
56.14	-0.0066188
56.16	-0.0057146
56.18	-0.0055219
56.2	-0.0046463
56.22	-0.0053721
56.24	-0.0061081
56.26	-0.0060683
56.28	-0.0068756
56.3	-0.0063598
56.32	-0.0064027
56.34	-0.0070693
56.36	-0.0078155
56.38	-0.0081723
56.4	-0.0065657
56.42	-0.0050938
56.44	-0.0025861
56.46	-0.00095311
56.48	-0.0013445
56.5	-9.2762e-05
56.52	2.5484e-05
56.54	-0.00070234
56.56	-0.0017696
56.58	-0.0011906
56.6	-0.00084913
56.62	-0.00093272
56.64	0.00053313
56.66	0.0012345
56.68	0.0019021
56.7	0.0010347
56.72	0.00091539
56.74	-0.0003629
56.76	-0.0012069
56.78	-0.00093476
56.8	0.00058716
56.82	0.0018389
56.84	0.0013609
56.86	0.0011356
56.88	0.00030989
56.9	-0.0015861
56.92	-0.0023578
56.94	-0.0028899
56.96	-0.0023986
56.98	-0.0011488
57	0.00026911
57.02	0.0022375
57.04	0.0020408
57.06	0.00021611
57.08	-0.0018909
57.1	-0.0022589
57.12	-0.0014648
57.14	-0.0020795
57.16	-0.0027808
57.18	-0.0020826
57.2	-0.0020296
57.22	-0.00089704
57.24	-0.00037615
57.26	-0.0012793
57.28	-2.3445e-05
57.3	0.00014577
57.32	-9.1743e-06
57.34	0.00023242
57.36	0.00036799
57.38	-0.00018043
57.4	-0.00056065
57.42	-0.00048114
57.44	-0.0028012
57.46	-0.0045617
57.48	-0.0050449
57.5	-0.0036799
57.52	-0.0026891
57.54	-0.0041366
57.56	-0.0051233
57.58	-0.0063231
57.6	-0.0082477
57.62	-0.0092029
57.64	-0.0094781
57.66	-0.0087034
57.68	-0.0072946
57.7	-0.0065209
57.72	-0.005051
57.74	-0.0038491
57.76	-0.0033558
57.78	-0.0030092
57.8	-0.003682
57.82	-0.0040663
57.84	-0.0039725
57.86	-0.0047727
57.88	-0.0033629
57.9	-0.0030632
57.92	-0.0028298
57.94	-0.0021539
57.96	-0.0025596
57.98	-0.0024271
58	-0.0017074
58.02	-0.0024179
58.04	-0.0037441
58.06	-0.0036004
58.08	-0.0036218
58.1	-0.0027778
58.12	-0.0026381
58.14	-0.0047564
58.16	-0.0067686
58.18	-0.0073435
58.2	-0.0074597
58.22	-0.0069582
58.24	-0.006578
58.26	-0.0067472
58.28	-0.0078461
58.3	-0.0065596
58.32	-0.0062875
58.34	-0.0057513
58.36	-0.0051865
58.38	-0.0062232
58.4	-0.006103
58.42	-0.0069521
58.44	-0.0055484
58.46	-0.0043089
58.48	-0.0038114
58.5	-0.0021264
58.52	-0.00071764
58.54	-0.0009735
58.56	-0.00048318
58.58	-0.0010296
58.6	-6.1162e-06
58.62	-0.00024261
58.64	-0.00083588
58.66	1.0194e-05
58.68	-0.00073496
58.7	0.001055
58.72	0.0025423
58.74	0.00093068
58.76	0.0010255
58.78	0.0019531
58.8	0.00034659
58.82	0.0012457
58.84	0.00025076
58.86	-0.00069521
58.88	-0.0017176
58.9	-0.0028665
58.92	-0.0030846
58.94	-0.0029837
58.96	-0.0012875
58.98	-0.0019908
59	-0.0028124
59.02	-0.0022283
59.04	-0.0012324
59.06	-0.00038838
59.08	-0.00061162
59.1	-0.00041081
59.12	0.0018155
59.14	0.0019021
59.16	0.0021009
59.18	0.0020398
59.2	0.00043323
59.22	-0.00033333
59.24	0.0010489
59.26	-0.0014638
59.28	-0.0014893
59.3	-0.0017421
59.32	-0.0010928
59.34	-0.0014404
59.36	-0.001787
59.38	-0.0005423
59.4	-0.002262
59.42	-0.0012538
59.44	-0.0023935
59.46	-0.0021213
59.48	-0.0034444
59.5	-0.0021244
59.52	-0.0021611
59.54	-0.0030326
59.56	-0.0031468
59.58	-0.0030163
59.6	-0.0022161
59.62	-0.003054
59.64	-0.0031947
59.66	-0.0035831
59.68	-0.0021254
59.7	-0.002002
59.72	-0.0013721
59.74	-0.0012997
59.76	-0.0026198
59.78	-0.0022304
59.8	-0.0039399
59.82	-0.0039388
59.84	-0.0039521
59.86	-0.0040866
59.88	-0.0036228
59.9	-0.0035576
59.92	-0.0027574
59.94	-0.0031346
59.96	-0.0025036
59.98	-0.0030571
