0
-0.00090965
-0.0014702
-0.0013921
-0.0019033
-0.0020036
-0.0015688
-0.0012622
-0.0020349
-0.0044029
-0.006582
-0.008721
-0.011878
-0.014598
-0.017147
-0.019556
-0.021465
-0.023424
-0.025798
-0.028317
-0.030761
-0.0324
-0.033332
-0.034549
-0.035717
-0.036543
-0.037233
-0.037351
-0.036829
-0.035689
-0.034034
-0.031941
-0.028712
-0.024766
-0.019667
-0.014071
-0.0092164
-0.0040161
0.0010196
0.0059259
0.011297
0.016254
0.020828
0.024793
0.028488
0.031953
0.034803
0.036942
0.037998
0.037944
0.037372
0.036569
0.035385
0.034281
0.032784
0.030234
0.027033
0.023748
0.019986
0.015764
0.011307
0.0071498
0.0026321
-0.0023057
-0.0077758
-0.013347
-0.018074
-0.021868
-0.025005
-0.028169
-0.031472
-0.033995
-0.036215
-0.037962
-0.039189
-0.039136
-0.03786
-0.03598
-0.033861
-0.031109
-0.028284
-0.025563
-0.022455
-0.019505
-0.016504
-0.013085
-0.010055
-0.0070118
-0.003822
-0.00043549
0.0035135
0.0074395
0.010791
0.013031
0.014588
0.016324
0.01763
0.019164
0.020961
0.022712
0.024251
0.02514
0.025917
0.026253
0.026223
0.025762
0.024943
0.023309
0.020714
0.01749
0.014843
0.012728
0.0099917
0.0069198
0.0039563
0.00051187
-0.0032127
-0.0067127
-0.0093319
-0.011685
-0.01433
-0.017893
-0.021366
-0.024476
-0.026621
-0.028307
-0.029855
-0.031214
-0.032083
-0.032165
-0.03106
-0.029484
-0.026919
-0.023832
-0.020866
-0.01767
-0.013897
-0.0099373
-0.0064814
-0.0028771
0.00080054
0.0043981
0.0083732
0.01263
0.016663
0.020795
0.024978
0.029016
0.033058
0.036732
0.039135
0.040897
0.042091
0.042842
0.042862
0.041882
0.040627
0.038573
0.035556
0.032421
0.029029
0.025459
0.022029
0.017825
0.012154
0.0061882
0.00068222
-0.0041494
-0.0087302
-0.01338
-0.017629
-0.020468
-0.022117
-0.023402
-0.024677
-0.025722
-0.026376
-0.026556
-0.02625
-0.025605
-0.024485
-0.022632
-0.020509
-0.017706
-0.014817
-0.012184
-0.0092883
-0.0061742
-0.0036477
-0.0010781
0.0016401
0.0044059
0.0071874
0.0098748
0.012323
0.014328
0.015476
0.015957
0.016322
0.016384
0.015951
0.015584
0.015026
0.013774
0.012332
0.010584
0.008505
0.0065677
0.0048795
0.003096
0.0014475
-0.00052397
-0.002742
-0.0043053
-0.0055763
-0.0063033
-0.0066484
-0.0069084
-0.0074071
-0.0081506
-0.0082008
-0.0082901
-0.0091316
-0.0098677
-0.0098118
-0.0091094
-0.0083033
-0.0074578
-0.0065203
-0.0054946
-0.0046412
-0.0034301
-0.001537
0.00065016
0.0030175
0.0054421
0.0077789
0.010736
0.014428
0.017262
0.019706
0.022034
0.023532
0.024708
0.025513
0.026298
0.027149
0.026983
0.025961
0.024744
0.023374
0.021887
0.019949
0.017568
0.014982
0.012434
0.0092243
0.0059666
0.0029532
-0.0010197
-0.0049641
-0.0085379
-0.011183
-0.013588
-0.015844
-0.017509
-0.018487
-0.019166
-0.019149
-0.019159
-0.019096
-0.018998
-0.019088
-0.018806
-0.017971
-0.016744
-0.014608
-0.012263
-0.010145
-0.0077315
-0.0054268
-0.0034457
-0.0015409
4.2102e-05
0.0010958
0.0019947
0.0031124
0.0045736
0.0057307
0.0068295
0.0084171
0.010185
0.012036
0.012945
0.013568
0.014124
0.015152
0.016447
0.017594
0.019749
0.021902
0.023645
0.025184
0.025934
0.025953
0.025645
0.02515
0.024062
0.022457
0.020203
0.01742
0.014296
0.011208
0.0077675
0.0045555
0.0021718
8.4653e-06
-0.0017214
-0.003604
-0.0058107
-0.0077277
-0.0089629
-0.010052
-0.010955
-0.011623
-0.012289
-0.012538
-0.012205
-0.011158
-0.009671
-0.008427
-0.0063894
-0.0039324
-0.0011146
0.0020787
0.0052092
0.007831
0.0093883
0.011467
0.014075
0.016399
0.018978
0.021116
0.022672
0.023799
0.024343
0.024223
0.024019
0.023162
0.021842
0.020073
0.017746
0.015452
0.013715
0.011712
0.0090271
0.0066558
0.0039993
0.0011935
-0.0012664
-0.0032515
-0.005076
-0.0071715
-0.0092621
-0.010923
-0.01275
-0.014229
-0.015042
-0.015242
-0.015198
-0.014496
-0.013201
-0.011694
-0.0097057
-0.0077127
-0.0054359
-0.0026929
-2.7855e-05
0.0030098
0.006269
0.008281
0.0094266
0.010604
0.011742
0.012846
0.013612
0.013318
0.01265
0.01198
0.011421
0.010678
0.01009
0.0095515
0.0092924
0.0093698
0.0095031
0.0099153
0.010472
0.010549
0.01043
0.0099205
0.009194
0.0086722
0.0087908
0.0090071
0.0090788
0.0086647
0.0079562
0.0070653
0.005619
0.0038727
0.001846
0.00015028
-0.00090348
-0.0016241
-0.0027204
-0.0038366
-0.0045082
-0.0048718
-0.0048097
-0.0042479
-0.0035463
-0.0027801
-0.0019517
-0.0011949
-0.00058091
-0.00034834
-0.00061602
-0.001149
-0.0018592
-0.0022003
-0.002626
-0.0029838
-0.0035986
-0.0036063
-0.0025065
-0.00089049
0.00086639
0.0019498
0.0027861
0.0036781
0.0041435
0.0048231
0.005707
0.0064902
0.0070553
0.0070549
0.0067607
0.0060808
0.0055256
0.0047354
0.0045505
0.0051242
0.0054847
0.005521
0.0059046
0.0066887
0.0073546
0.0080562
0.0087045
0.0090342
0.0090805
0.0087506
0.0088006
0.0089631
0.0096465
0.010363
0.010909
0.010889
0.010466
0.010071
0.0094875
0.0083281
0.0069578
0.0054578
0.0036865
0.0021469
0.00074726
-0.00076234
-0.0017664
-0.002662
-0.0035071
-0.0041046
-0.0047506
-0.0057234
-0.0066985
-0.007412
-0.0080085
-0.0083854
-0.0087929
-0.0089383
-0.0087513
-0.0086994
-0.0086158
-0.0087588
-0.0090041
-0.0084791
-0.0072056
-0.0056652
-0.0047102
-0.0037367
-0.0027754
-0.0020355
-0.0012372
-0.00046948
0.00023031
0.00083138
0.0007457
0.00027465
0.0010106
0.0024014
0.0041271
0.0060643
0.0079426
0.0097635
0.011346
0.012502
0.013262
0.013229
0.012336
0.011551
0.011751
0.012014
0.012069
0.012562
0.012627
0.011946
0.01056
0.0095115
0.008429
0.0070734
0.0056109
0.0042934
0.0034594
0.0027824
0.0022239
0.0023511
0.0022281
0.0017397
0.0015974
0.0012201
0.00069576
0.00013599
-0.00059551
-0.001307
-0.0024262
-0.0034282
-0.0039536
-0.0038903
-0.0034891
-0.0029424
-0.0021215
-0.0014411
-0.00093491
-0.00046928
-0.00015717
0.00023205
0.00046909
0.00095985
0.0011017
0.001145
0.0015672
0.0015344
0.00068189
-2.4254e-06
-0.00056949
-0.0012123
-0.0017933
-0.0029071
-0.0037779
-0.0042006
-0.0053814
-0.0066869
-0.0081173
-0.0098631
-0.010882
-0.010753
-0.0099135
-0.0092788
-0.0087831
-0.0082154
-0.0074009
-0.0062714
-0.0046967
-0.0023727
0.00020481
0.0027693
0.0050602
0.0076645
0.010466
0.013147
0.015992
0.018456
0.020304
0.021839
0.022739
0.023091
0.023049
0.02239
0.021015
0.019026
0.016459
0.013392
0.010387
0.0068623
0.0029944
-0.0004716
-0.0041555
-0.0079712
-0.011867
-0.01612
-0.020203
-0.02363
-0.02653
-0.028848
-0.030295
-0.031698
-0.032814
-0.033575
-0.034538
-0.035609
-0.036153
-0.036239
-0.035999
-0.034873
-0.032694
-0.030408
-0.028034
-0.025225
-0.021942
-0.018024
-0.014175
-0.0099369
-0.0052451
-0.00074895
0.0040484
0.0089602
0.014065
0.019956
0.026104
0.032089
0.037956
0.043847
0.049273
0.054065
0.058481
0.061593
0.063631
0.064855
0.065253
0.065257
0.064721
0.062865
0.059451
0.055052
0.050743
0.046149
0.04066
0.034716
0.02885
0.022478
0.015911
0.010341
0.0049963
0.00023541
-0.0044154
-0.0090015
-0.013058
-0.016725
-0.02042
-0.023861
-0.026746
-0.029145
-0.03146
-0.033854
-0.036453
-0.03862
-0.040256
-0.040683
-0.039944
-0.038379
-0.035848
-0.032801
-0.029268
-0.024781
-0.019607
-0.014077
-0.0084345
-0.0025293
0.0036402
0.0095217
0.014927
0.019823
0.024694
0.029519
0.034572
0.039252
0.04317
0.046454
0.049165
0.050998
0.051488
0.051237
0.050114
0.048587
0.046274
0.043039
0.039535
0.036356
0.033325
0.030403
0.027389
0.024023
0.020673
0.01758
0.014494
0.010856
0.0072433
0.003512
-0.00013956
-0.0033504
-0.0066495
-0.0097999
-0.01248
-0.014651
-0.016484
-0.017495
-0.017604
-0.017383
-0.016971
-0.015762
-0.013934
-0.011402
-0.0078126
-0.0029061
0.0023623
0.008169
0.014051
0.019788
0.024829
0.029157
0.033596
0.038014
0.042453
0.046618
0.050464
0.053252
0.055037
0.056326
0.057588
0.058086
0.056726
0.054312
0.051774
0.048615
0.044641
0.040656
0.036094
0.031297
0.027274
0.023305
0.018753
0.014098
0.0093856
0.0043889
-0.00088536
-0.0058412
-0.010383
-0.014848
-0.018646
-0.021452
-0.023635
-0.025481
-0.026569
-0.026907
-0.026023
-0.024307
-0.022291
-0.020054
-0.017893
-0.015639
-0.01297
-0.0093751
-0.0050203
-0.0003882
0.0033262
0.006246
0.0095769
0.01296
0.016238
0.020172
0.023947
0.027299
0.030571
0.032941
0.034506
0.03552
0.036374
0.037196
0.03665
0.035089
0.033717
0.03254
0.031023
0.029217
0.026874
0.024145
0.021288
0.018616
0.016126
0.013441
0.010944
0.0091407
0.0071352
0.0052964
0.0036585
0.0019699
0.00078069
-3.062e-05
-0.00074639
-0.0010604
-0.0009111
-0.00044888
0.00057765
0.0023692
0.0042943
0.0066481
0.0090526
0.011375
0.013813
0.015694
0.017345
0.018985
0.020229
0.021213
0.021999
0.022795
0.023518
0.023851
0.024881
0.025681
0.025663
0.025508
0.025107
0.024925
0.025575
0.026514
0.026718
0.026898
0.026748
0.026608
0.02686
0.026576
0.025506
0.024566
0.024438
0.024679
0.024522
0.023788
0.02263
0.021713
0.02088
0.019998
0.019604
0.019368
0.019391
0.01961
0.019857
0.020258
0.020607
0.021013
0.021456
0.021501
0.020846
0.020046
0.019583
0.019836
0.020723
0.021082
0.020094
0.019012
0.018152
0.017804
0.017401
0.016211
0.015079
0.014688
0.014181
0.014141
0.014365
0.014182
0.013685
0.012716
0.011997
0.011435
0.011415
0.011734
0.012183
0.012028
0.011746
0.01169
0.011586
0.011659
0.011332
0.010691
0.010484
0.010826
0.011323
0.011816
0.012572
0.013473
0.01385
0.013958
0.014327
0.015267
0.016912
0.018756
0.020851
0.022575
0.023531
0.023498
0.02305
0.022794
0.022234
0.021138
0.019695
0.01781
0.016149
0.014799
0.013115
0.011737
0.010761
0.0095673
0.0082192
0.0076654
0.0073593
0.0063873
0.0050138
0.0039503
0.0032038
0.0024569
0.0012766
0.00033167
-0.00028461
-0.00059968
-0.0011613
-0.0011879
-0.00065419
3.6243e-05
0.0010099
0.0021315
0.0035344
0.0053536
0.007599
0.009643
0.011002
0.012315
0.013521
0.013509
0.013343
0.013397
0.013718
0.013936
0.013996
0.014443
0.014646
0.014398
0.013882
0.01303
0.012265
0.011814
0.011244
0.010595
0.0099451
0.0087247
0.0074415
0.0062721
0.0051462
0.0031093
0.00037816
-0.001238
-0.0027445
-0.0048822
-0.0064769
-0.0082163
-0.010555
-0.012409
-0.013677
-0.014021
-0.013325
-0.011817
-0.0098103
-0.0074492
-0.0050514
-0.0027293
-0.00113
0.00042806
0.0023603
0.0041922
0.0060666
0.0082674
0.010328
0.012741
0.015289
0.017708
0.019954
0.022593
0.02505
0.027085
0.028934
0.030425
0.031667
0.033138
0.034842
0.035209
0.034498
0.03316
0.031455
0.02959
0.027315
0.02475
0.022232
0.019898
0.01749
0.015143
0.012649
0.0092105
0.0056377
0.0028474
0.00039824
-0.0017969
-0.0046688
-0.0070202
-0.0089518
-0.010995
-0.012192
-0.01351
-0.014734
-0.016052
-0.018259
-0.020461
-0.021334
-0.021091
-0.020297
-0.018661
-0.016205
-0.013192
-0.010577
-0.0080297
-0.0046915
-0.0014948
0.0011733
0.0036463
0.0059413
0.0078258
0.0097178
0.011683
0.013502
0.015608
0.01762
0.019176
0.020674
0.021959
0.022668
0.022833
0.022759
0.022399
0.021775
0.021189
0.020423
0.018807
0.016929
0.014766
0.012005
0.0095948
0.0074833
0.0058373
0.0046069
0.0035174
0.0018885
-0.00012248
-0.0021212
-0.0044346
-0.0060927
-0.0066156
-0.0072675
-0.0079636
-0.0081849
-0.0074294
-0.0065405
-0.0057281
-0.0047054
-0.0033861
-0.0011274
0.0013692
0.0032254
0.0045031
0.005967
0.0084342
0.011423
0.014565
0.017565
0.020207
0.022603
0.025784
0.028887
0.031056
0.032792
0.034856
0.036779
0.038573
0.040316
0.041137
0.041199
0.04134
0.041676
0.041494
0.04036
0.038012
0.035274
0.031969
0.028291
0.024921
0.020947
0.016044
0.010709
0.0053128
0.00018514
-0.004698
-0.0093432
-0.013466
-0.017513
-0.021393
-0.024907
-0.027763
-0.030461
-0.032418
-0.033429
-0.034373
-0.035087
-0.034868
-0.034019
-0.032621
-0.030599
-0.028125
-0.025027
-0.021596
-0.01824
-0.014948
-0.011729
-0.0080977
-0.0034048
0.0011804
0.0058968
0.011159
0.016352
0.020841
0.024902
0.028536
0.03196
0.035377
0.038371
0.041004
0.04318
0.043988
0.043782
0.043296
0.042312
0.040816
0.038598
0.036313
0.033602
0.030587
0.027045
0.023334
0.018671
0.013289
0.0084672
0.0029268
-0.0028687
-0.0079076
-0.012645
-0.01692
-0.021261
-0.02523
-0.028708
-0.031505
-0.034176
-0.03595
-0.035829
-0.035042
-0.03378
-0.03161
-0.028493
-0.024282
-0.019503
-0.014208
-0.0082982
-0.0019987
0.0045885
0.010947
0.016925
0.022609
0.02745
0.032622
0.037824
0.04221
0.045396
0.047763
0.049507
0.050366
0.050819
0.051228
0.051413
0.051453
0.050447
0.048298
0.044879
0.040376
0.036256
0.031896
0.026155
0.020248
0.014497
0.0083851
0.0020773
-0.0042323
-0.010369
-0.016009
-0.021237
-0.025776
-0.029909
-0.033911
-0.037244
-0.03983
-0.041089
-0.041422
-0.041081
-0.040289
-0.039309
-0.037797
-0.035317
-0.031527
-0.027202
-0.022516
-0.017685
-0.013306
-0.0087339
-0.0039163
0.00029153