
0.113453
0.226907
0.340360
0.453813
0.567267
0.680720
0.794173
0.907627
1.021080
1.134533
1.247987
1.361440
1.474893
1.588347
1.701800
1.701800
1.684215
1.666631
1.649046
1.631462
1.613877
1.596292
1.578708
1.561123
1.543538
1.525954
1.508369
1.490785
1.473200
1.455615
1.438031
1.420446
1.402862
1.385277
1.367692
1.350108
1.332523
1.314938
1.297354
1.279769
1.262185
1.244600
1.244600
1.282700
1.320800
1.358900
1.397000
1.435100
1.473200
1.511300
1.549400
1.587500
1.625600
1.663700
1.701800
1.739900
1.778000
1.816100
1.854200
1.892300
1.930400
1.968500
2.006600
2.044700
2.082800
2.120900
2.159000
2.197100
2.235200
2.273300
2.311400
2.349500
2.387600
2.387600
2.382684
2.377768
2.372852
2.367935
2.363019
2.358103
2.353187
2.348271
2.343355
2.338439
2.333523
2.328606
2.323690
2.318774
2.313858
2.308942
2.304026
2.299110
2.294194
2.289277
2.284361
2.279445
2.274529
2.269613
2.264697
2.259781
2.254865
2.249948
2.245032
2.240116
2.235200
2.235200
2.278239
2.321278
2.364317
2.407356
2.450394
2.493433
2.536472
2.579511
2.622550
2.665589
2.708628
2.751667
2.794706
2.837744
2.880783
2.923822
2.966861
3.009900
3.052939
3.095978
3.139017
3.182056
3.225094
3.268133
3.311172
3.354211
3.397250
3.440289
3.483328
3.526367
3.569406
3.612444
3.655483
3.698522
3.741561
3.784600
3.779211
3.773821
3.768432
3.763042
3.757653
3.752263
3.746874
3.741484
3.736095
3.730705
3.725316
3.719926
3.714537
3.709147
3.703758
3.698368
3.692979
3.687589
3.682200
3.676811
3.671421
3.666032
3.660642
3.655253
3.649863
3.644474
3.639084
3.633695
3.628305
3.622916
3.617526
3.612137
3.606747
3.601358
3.595968
3.590579
3.585189
3.579800
3.615171
3.650541
3.685912
3.721283
3.756654
3.792024
3.827395
3.862766
3.898137
3.933507
3.968878
4.004249
4.039620
4.074990
4.110361
4.145732
4.181102
4.216473
4.251844
4.287215
4.322585
4.357956
4.393327
4.428698
4.464068
4.499439
4.534810
4.570180
4.605551
4.640922
4.676293
4.711663
4.747034
4.782405
4.817776
4.853146
4.888517
4.923888
4.959259
4.994629
5.030000
5.028048
5.026096
5.024143
5.022191
5.020239
5.018287
5.016334
5.014382
5.012430
5.010478
5.008525
5.006573
5.004621
5.002669
5.000716
4.998764
4.996812
4.994860
4.992907
4.990955
4.989003
4.987051
4.985098
4.983146
4.981194
4.979242
4.977289
4.975337
4.973385
4.971433
4.969480
4.967528
4.965576
4.963624
4.961671
4.959719
4.957767
4.955815
4.953862
4.951910
4.949958
4.948006
4.946053
4.944101
4.942149
4.992061
5.041973
5.091886
5.141798
5.191710
5.241622
5.291535
5.341447
5.391359
5.441271
5.491184
5.541096
5.591008
5.640920
5.690833
5.740745
5.790657
5.840569
5.890482
5.940394
5.990306
6.040218
6.090131
6.140043
6.189955
6.239867
6.289780
6.339692
6.389604
6.439516
6.489429
6.539341
6.589253
6.639165
6.689078
6.738990
6.788902
6.838814
6.888727
6.938639
6.988551
7.038463
7.088376
7.138288
7.188200
7.186807
7.185415
7.184022
7.182629
7.181237
7.179844
7.178451
7.177059
7.175666
7.174273
7.172881
7.171488
7.170095
7.168703
7.167310
7.165917
7.164525
7.163132
7.161739
7.160347
7.158954
7.157561
7.156169
7.154776
7.153383
7.151991
7.150598
7.149205
7.147813
7.146420
7.145027
7.143635
7.142242
7.140849
7.139457
7.138064
7.136671
7.135279
7.133886
7.132493
7.131101
7.129708
7.128315
7.126923
7.125530
7.124137
7.122745
7.121352
7.119959
7.118567
7.117174
7.115781
7.114389
7.112996
7.111603
7.110211
7.108818
7.107425
7.106033
7.104640
7.103247
7.101855
7.100462
7.099069
7.097677
7.096284
7.094891
7.093499
7.092106
